x,y,z
-0.341,3.757,9.964
0.719,4.152,8.599
0.353,4.025,9.071
0.449,4.095,9.674
-0.278,4.145,8.879
0.061,3.731,8.795
0.523,3.915,8.355
0.264,4.281,9.162
0.061,4.313,9.356
-0.367,3.984,9.167
-0.151,4.226,8.561
-0.046,4.162,9.243
-0.168,4.277,8.371
0.525,4.152,8.87
-0.159,4.109,9.305
-0.326,4.444,9.068
-0.032,4.085,8.822
0.106,4.049,8.304
-0.245,3.951,9.107
0.133,4.59,8.929
-0.139,4.289,9.464
0.279,4.322,9.476
-0.415,4.332,8.613
0.027,4.447,9.114
-0.475,4.516,8.731
-0.147,4.217,8.575
0.561,4.449,7.737
-0.106,4.818,8.716
0.319,5.364,9.128
0.303,4.631,7.773
1.8,4.665,8.609
0.169,4.31,9.109
-0.017,5.239,8.721
-1.442,4.504,8.771
-0.077,4.401,8.077
0.056,4.423,8.268
-0.405,4.418,8.941
-0.446,4.135,9.133
0.116,4.392,8.647
0.248,4.832,8.611
0.298,5.029,8.953
-0.183,5.007,8.992
-0.293,4.827,8.929
0.276,4.624,9.305
-0.092,4.533,8.992
0.169,4.605,8.276
0.238,4.497,8.242
0.049,4.483,8.359
0.849,4.923,8.297
0.451,4.758,8.515
-0.185,4.842,9.14
-0.137,4.835,8.57
0.252,4.926,8.826
0.073,5.177,9.14
0.042,5.33,8.877
-0.02,5.208,8.249
-0.46,5.017,8.422
-0.944,4.475,8.74
-0.42,4.578,8.666
0.415,4.863,8.058
-0.106,5.285,7.878
-0.111,5.251,8.149
0.494,5.247,7.904
0.573,5.096,8.489
0.008,5.208,8.731
-0.183,5.196,8.094
-0.377,5.057,7.962
-0.923,4.875,8.077
-0.561,4.887,8.374
-0.717,5.072,8.12
-0.024,5.254,7.859
-0.429,5.606,7.868
-1.131,5.718,8.379
-0.597,5.184,8.975
-0.305,5.057,8.649
0.027,5.259,8.462
0.298,5.388,8.321
0.169,5.378,8.731
0.178,5.242,8.652
0.47,5.352,8.632
-0.178,5.136,8.733
-0.98,5.0,8.285
-0.944,4.758,7.325
-0.305,4.883,7.301
-0.039,5.017,7.974
-0.415,5.196,8.194
0.159,5.024,9.238
0.631,5.005,8.563
0.59,5.328,9.229
-0.286,5.065,8.623
-0.717,5.041,8.151
-0.36,4.897,7.758
-0.336,4.976,8.386
-0.132,4.729,8.115
0.006,5.148,8.609
0.506,5.326,8.994
-0.228,5.316,8.982
-0.403,5.175,8.256
-0.551,5.366,7.715
-0.707,5.29,7.988
0.034,5.615,7.366
0.013,5.151,8.11
0.923,5.611,8.115
-0.029,5.457,8.405
0.063,5.393,7.516
0.075,5.168,8.01
0.437,5.769,8.228
-0.834,5.534,8.714
0.207,5.024,7.833
-0.235,5.215,8.273
0.968,5.625,8.477
-0.149,5.615,8.944
-0.288,5.093,8.077
0.753,5.975,7.536
-0.211,5.436,8.791
0.762,5.754,7.346
0.245,5.979,7.574
1.493,5.802,7.907
1.131,5.948,7.643
1.071,6.312,6.671
0.36,5.999,6.99
1.352,6.523,7.495
0.875,8.092,8.994
2.578,5.304,7.392
1.354,4.284,7.126
1.78,4.346,8.328
0.039,5.886,8.723
0.966,5.227,7.677
0.3,5.18,7.775
0.389,5.479,8.515
0.032,5.694,7.861
0.449,5.623,8.712
0.664,5.661,8.597
1.179,6.152,8.252
0.803,5.809,7.502
1.883,5.563,7.804
1.352,5.477,7.856
1.131,5.809,7.646
1.256,5.817,8.338
0.995,5.352,7.864
1.73,5.944,7.14
1.285,5.754,8.256
1.297,5.857,7.488
0.42,5.884,7.6
0.631,5.362,7.236
0.739,5.486,7.071
-0.053,5.271,8.961
1.687,5.024,8.489
0.513,5.261,9.009
-0.132,5.175,9.346
-0.556,5.031,9.294
0.147,5.165,8.927
-0.492,4.844,9.38
-0.123,5.101,8.553
-0.506,4.827,8.079
0.578,5.033,8.173
-0.76,4.794,8.173
-0.039,5.096,8.237
-0.508,4.904,9.131
0.389,5.101,8.815
-0.535,5.199,9.205
-0.302,4.837,8.01
0.125,4.677,7.777
0.13,4.586,8.376
0.952,5.237,8.762
-0.827,4.914,9.207
0.413,4.535,6.891
-0.568,4.832,8.683
0.02,5.16,8.168
-0.468,4.957,9.25
0.183,4.571,8.309
-0.741,5.11,8.482
-1.26,4.66,9.02
-0.726,4.677,7.842
-0.676,4.856,8.882
-0.25,5.213,8.968
-0.618,4.914,8.35
-0.669,4.339,8.522
-0.504,4.78,8.779
-0.671,5.007,8.218
0.212,4.83,8.427
-0.29,4.717,9.092
-0.674,5.153,8.592
-0.595,5.029,7.718
0.118,4.875,7.909
0.576,5.127,8.18
0.216,5.362,8.944
0.398,5.266,8.592
0.08,5.429,8.496
-0.013,5.366,8.077
-0.139,5.553,8.039
-0.022,5.278,8.288
0.283,5.723,8.137
-0.345,5.311,8.328
-0.044,5.251,8.707
-0.183,5.34,8.757
0.233,5.788,7.962
0.238,5.453,7.909
0.085,5.311,8.683
-0.111,5.39,7.44
0.707,5.738,8.168
0.372,5.706,8.153
-0.12,5.642,9.133
0.396,5.843,7.389
0.415,5.932,7.756
-0.259,6.133,8.031
-0.492,5.932,7.267
-0.369,6.001,6.891
0.08,6.427,7.552
0.42,6.327,7.528
-0.046,6.008,8.259
0.173,5.515,7.145
-0.106,5.086,7.536
0.389,5.656,7.952
-0.82,6.123,7.732
-0.001,5.96,8.824
-0.446,5.57,8.582
-0.544,6.032,7.677
0.178,5.663,7.466
0.554,6.047,7.926
-0.149,5.833,7.964
0.48,6.183,7.56
0.101,5.879,7.195
0.228,5.785,7.936
0.173,5.778,8.012
0.358,6.329,7.71
-0.719,5.697,8.043
0.7,6.332,7.538
-1.454,5.764,7.732
0.243,5.594,8.015
0.015,5.402,7.442
-0.051,6.001,8.364
-0.31,5.975,7.619
-1.66,5.591,7.818
0.077,4.954,7.483
-0.374,5.081,9.023
-1.167,5.35,9.334
-1.826,5.654,8.132
-1.67,5.479,7.904
-0.535,5.211,7.715
0.31,5.46,8.776
-1.392,4.959,9.076
-0.444,5.532,7.639
-1.287,5.443,8.676
-1.033,5.58,8.259
-1.483,5.388,8.357
-0.3,5.295,8.17
-0.259,5.838,9.025
-0.36,5.503,8.455
-0.336,5.256,9.004
-1.62,5.05,9.473
-0.568,5.057,8.824
1.428,6.923,6.879
1.934,4.993,6.522
0.315,5.915,4.602
0.231,6.073,3.914
1.917,6.997,6.863
0.705,7.469,9.734
-0.549,6.811,12.321
-2.01,4.995,9.346
-0.666,3.577,6.848
0.192,4.432,5.622
2.511,8.487,7.193
0.118,7.718,6.0
2.88,7.055,6.034
1.366,6.451,7.864
1.768,6.65,7.591
0.739,6.794,7.337
0.676,6.576,6.704
2.202,6.619,5.021
1.809,7.024,6.24
1.538,6.818,6.264
2.259,6.954,5.375
2.283,7.445,5.754
1.761,7.496,6.843
1.996,6.983,6.537
2.65,7.558,6.752
1.395,6.882,7.318
1.843,6.815,6.254
2.101,7.28,6.709
1.17,6.799,7.028
1.759,7.51,6.611
0.875,6.921,6.101
0.93,6.609,6.408
1.61,6.679,6.7
0.75,6.827,8.06
0.427,6.758,7.789
0.322,6.875,7.615
1.253,6.985,6.158
-0.187,6.578,7.203
0.818,6.633,6.661
0.564,6.523,7.172
2.015,6.717,7.574
-0.003,6.741,7.179
0.676,6.851,6.491
0.31,6.626,6.731
1.323,6.65,7.514
1.021,6.823,7.636
0.152,6.315,8.228
0.521,6.425,6.324
0.765,6.243,6.671
1.134,6.832,7.138
0.14,6.104,7.821
0.437,6.066,7.979
0.063,6.248,7.306
-0.41,6.154,7.689
-0.333,5.644,8.637
-0.154,6.238,7.461
-0.192,6.195,7.679
0.525,6.399,7.708
-1.454,6.32,7.976
-0.089,6.157,6.616
-0.365,5.666,7.852
1.962,6.415,7.536
0.183,6.224,8.946
-0.029,6.185,7.459
0.212,6.676,7.081
-0.029,6.003,6.776
0.707,5.644,7.193
1.431,5.611,8.288
0.451,5.28,7.212
1.074,5.716,7.619
-0.506,5.956,8.726
-1.047,6.425,7.912
0.006,5.994,6.664
-0.036,5.874,7.569
0.693,6.303,6.831
-0.022,6.221,8.252
-1.21,5.795,8.441
-0.494,6.454,7.943
-0.872,6.669,7.33
-0.35,6.578,7.56
0.298,7.211,6.391
-0.183,7.05,7.011
-1.533,6.418,6.635
-1.081,6.679,7.045
-1.124,6.253,7.143
0.6,6.595,6.93
0.427,7.16,6.968
0.889,7.39,7.581
-0.956,7.155,7.021
-0.628,6.916,6.496
-0.868,6.772,7.042
-0.829,6.791,7.701
-0.384,6.813,7.825
-0.051,6.906,7.926
-0.13,6.83,8.058
-0.463,6.815,8.486
-0.872,6.597,8.721
-0.786,6.538,8.664
-0.345,6.526,8.403
-0.046,6.329,8.153
0.221,6.243,8.235
0.037,6.023,8.597
-0.266,5.867,9.09
-0.415,6.015,9.071
-0.472,6.042,8.259
-0.07,6.094,7.243
0.336,5.793,6.434
0.818,5.74,5.986
1.043,5.872,5.78
0.619,5.841,5.22
0.535,5.939,5.138
0.82,5.944,5.047
1.416,5.982,5.028
2.089,6.116,5.332
1.967,6.25,5.67
0.774,6.068,5.433
-0.389,6.035,4.566
-0.333,6.102,3.871
0.643,6.221,4.226
1.321,6.669,4.932
1.122,6.94,5.895
0.571,7.036,7.054
-0.259,7.143,7.775
-1.009,7.589,7.725
-1.325,7.946,7.71
-0.944,7.96,8.153
-0.372,7.951,8.807
-0.195,7.668,9.456
0.063,7.457,10.235
0.204,7.184,10.96
-0.032,6.945,11.186
-0.245,6.657,11.42
-0.211,6.2,11.65
-0.084,5.944,11.581
-0.417,5.728,11.358
-1.045,5.29,10.877
-1.531,4.897,9.878
-1.548,4.631,8.676
-1.291,4.459,7.713
-0.954,4.205,6.975
-0.623,4.111,6.23
-0.405,4.257,5.406
-0.147,4.662,5.157
0.319,4.765,5.119
0.968,4.897,5.392
1.483,5.642,5.105
1.529,6.291,4.784
1.462,6.832,4.707
0.834,6.775,4.503
0.655,7.222,4.616
0.928,7.747,4.913
1.074,7.872,5.153
1.117,7.785,5.423
1.213,7.948,5.555
1.368,8.188,5.485
1.61,8.315,5.675
1.943,8.59,6.348
1.756,8.624,7.088
1.218,8.307,7.962
0.801,8.147,8.889
0.348,7.721,9.26
0.149,7.201,9.073
0.454,6.997,8.625
0.978,7.067,8.312
1.1,6.937,7.95
0.856,6.851,7.531
0.59,6.861,7.471
0.245,6.746,7.706
-0.013,6.444,8.151
-0.166,6.135,8.462
-0.154,6.023,8.331
0.161,6.135,7.833
0.645,6.238,7.512
0.944,6.157,7.215
0.954,6.133,6.922
0.643,6.281,6.625
0.204,6.344,6.206
-0.168,6.257,5.794
-0.07,6.332,5.574
0.446,6.437,5.564
0.937,6.576,5.806
0.935,6.672,6.079
0.516,6.437,6.494
0.319,6.219,7.033
0.391,5.994,7.583
0.465,6.044,7.734
0.485,6.255,7.313
0.681,6.217,6.91
1.263,5.965,6.894
1.936,5.781,7.095
2.228,5.706,7.394
2.061,5.678,7.78
1.637,5.683,8.072
1.371,5.654,8.177
1.689,5.73,8.312
2.005,5.762,8.321
2.132,5.946,8.24
2.135,6.264,8.201
2.118,6.365,8.285
2.005,6.514,8.292
1.807,6.674,8.211
1.586,6.717,8.036
1.493,6.82,7.873
1.486,6.983,7.785
1.206,6.983,7.497
0.837,6.858,7.011
0.755,6.789,6.731
0.667,6.664,6.819
0.6,6.49,7.195
0.439,6.312,7.167
0.396,6.427,6.563
0.501,6.588,5.902
0.734,6.676,5.533
0.983,6.664,5.926
0.961,6.49,6.566
0.564,6.47,6.966
0.061,6.413,7.26
0.046,6.241,7.313
0.676,6.243,7.43
1.323,6.267,7.289
1.783,6.303,7.14
2.046,6.581,7.116
1.792,6.648,7.286
1.17,6.583,7.648
0.722,6.466,7.948
0.636,6.463,8.285
0.904,6.356,8.302
1.459,6.365,8.058
1.998,6.494,7.698
1.929,6.597,7.32
1.407,6.629,7.092
0.928,6.705,7.31
0.497,6.571,7.624
0.305,6.303,7.777
0.477,6.214,7.593
0.741,6.229,7.148
0.968,6.284,6.745
1.225,6.293,6.527
1.524,6.406,6.513
1.562,6.638,6.585
1.04,6.717,6.573
0.552,6.734,6.738
0.485,6.549,7.198
0.789,6.367,7.725
0.971,6.329,8.067
1.091,6.432,8.316
1.249,6.308,8.448
1.366,6.25,8.371
1.423,6.348,8.137
1.419,6.399,7.813
1.385,6.415,7.555
1.138,6.406,7.464
0.765,6.36,7.195
0.712,6.176,6.997
1.11,6.097,7.081
1.4,6.049,7.167
1.313,6.087,7.037
1.031,6.14,6.879
0.849,6.159,6.925
0.849,6.178,7.382
0.889,6.372,7.727
0.75,6.482,7.473
0.906,6.578,6.975
1.177,6.578,6.738
1.383,6.49,7.028
0.607,6.303,7.732
1.064,6.576,7.667
0.691,6.552,7.861
0.221,6.363,7.959
0.152,6.394,7.722
0.384,6.593,7.284
0.679,6.703,6.848
0.863,6.657,6.798
1.007,6.466,7.251
1.124,6.229,7.811
1.052,6.178,8.204
0.765,6.248,8.199
0.303,6.205,7.833
0.173,6.109,7.389
0.592,6.241,7.021
1.081,6.411,6.908
1.443,6.662,6.978
1.426,6.717,7.006
1.167,6.59,7.14
0.964,6.547,7.464
0.688,6.463,8.07
0.293,6.363,8.168
0.039,6.377,7.674
0.159,6.466,7.09
0.458,6.47,6.764
0.485,6.37,6.714
0.252,6.401,6.817
-0.015,6.317,6.875
-0.044,6.276,6.927
0.092,6.202,6.92
0.518,6.281,6.891
0.99,6.363,6.903
1.335,6.473,6.992
1.538,6.617,7.325
1.309,6.674,7.77
1.028,6.372,8.053
0.911,6.344,8.23
0.765,6.387,8.417
0.631,6.449,8.343
0.77,6.451,8.053
0.856,6.394,7.751
0.547,6.288,7.634
0.056,6.281,7.646
-0.24,6.248,7.397
-0.123,6.262,6.97
0.305,6.274,6.633
0.659,6.3,6.618
0.765,6.353,7.042
0.724,6.353,7.44
0.604,6.286,7.761
0.398,6.2,7.9
0.13,6.15,8.017
0.013,6.248,8.101
0.042,6.255,8.067
0.171,6.195,7.895
0.283,6.238,7.624
0.283,6.406,7.282
0.142,6.473,6.982
0.063,6.427,6.843
0.106,6.279,6.872
0.413,6.159,7.207
0.813,6.13,7.521
1.127,6.171,7.777
1.146,6.128,8.019
0.767,6.03,8.211
0.37,6.032,8.359
0.212,6.157,8.422
0.18,6.296,8.118
0.137,6.399,7.641
0.195,6.49,7.251
0.31,6.612,7.023
0.291,6.583,6.973
0.073,6.423,7.195
-0.036,6.281,7.543
0.104,6.291,7.842
0.317,6.269,7.948
0.511,6.25,7.818
0.583,6.248,7.904
0.37,6.241,8.017
-0.034,6.188,7.876
-0.305,6.231,7.528
-0.295,6.212,7.057
0.003,6.209,6.798
0.386,6.185,6.774
0.724,6.334,6.927
0.897,6.485,7.078
0.928,6.674,7.217
0.837,6.748,7.471
0.65,6.844,7.682
0.578,7.002,7.696
0.667,6.983,7.548
0.916,6.921,7.315
1.074,6.854,7.26
0.964,6.743,7.404
0.818,6.631,7.392
0.868,6.528,7.265
1.074,6.336,7.133
1.215,6.229,7.102
1.091,6.305,6.937
0.861,6.478,6.637
0.796,6.499,6.645
0.916,6.468,6.973
0.906,6.621,7.138
0.547,6.791,7.016
0.236,6.839,6.894
0.161,6.806,6.92
0.243,6.803,7.114
0.324,6.736,7.406
0.228,6.597,7.591
-0.039,6.494,7.469
-0.087,6.348,7.251
0.291,6.195,7.246
0.588,5.936,7.399
0.717,5.845,7.485
0.827,5.9,7.629
0.837,5.853,7.806
0.705,5.876,7.837
0.461,5.956,7.67
0.432,6.056,7.607
0.734,6.023,7.603
1.177,5.965,7.77
1.253,6.157,7.852
0.741,6.293,7.888
0.279,6.372,7.952
0.291,6.363,8.113
0.305,6.379,8.187
0.101,6.253,8.106
0.061,6.03,7.976
0.463,5.9,7.876
0.671,5.812,7.871
0.336,5.824,7.789
0.013,5.891,7.457
0.245,6.073,7.104
0.794,6.253,6.894
1.055,6.552,7.327
0.504,6.751,7.904
-0.223,6.899,7.684
-0.204,6.842,6.92
0.693,6.427,6.633
1.553,6.26,7.116
1.452,6.26,7.641
0.796,6.231,7.871
0.477,6.253,7.876
0.6,6.303,7.835
0.727,6.365,7.936
0.327,6.463,8.048
-0.312,6.641,8.077
-0.647,6.7,7.801
-0.846,6.324,7.619
-0.573,6.298,7.9
-0.348,6.08,8.321
-0.463,5.73,8.362
-0.568,5.663,8.266
-0.717,5.745,7.998
-0.913,5.783,7.765
-0.968,5.522,7.574
-0.681,5.453,7.612
-0.398,5.714,7.933
-0.76,5.615,7.823
-1.064,5.699,7.485
-1.002,5.929,7.33
-0.786,5.932,7.502
-0.705,5.747,7.773
-0.573,5.649,8.12
-0.535,5.788,8.101
-0.789,5.884,7.71
-0.915,5.991,7.533
-0.863,6.138,7.708
-0.75,6.236,7.804
-0.595,6.073,7.763
-0.355,5.968,7.78
-0.125,6.037,8.213
-0.283,5.963,8.398
-0.393,5.826,8.149
-0.401,5.536,8.113
0.3,5.656,7.651


Gyroscope Readings :

-0.05048132,0.06697814,-0.05679648
0.07190237,0.10424692,-0.14619185
0.058067773,0.14981534,-0.042961348
0.07083825,-0.033461425,-0.1472545
-0.08879276,-0.098695174,-0.078081235
0.20918517,0.13117228,-0.17811698
-0.018554982,-0.13492687,-3.9183308E-4
0.12936966,0.048344024,-0.056795545
0.005921729,-0.0334501,-0.101490766
-0.045160063,0.16846545,-0.056793015
0.10914983,-0.08936925,-0.022740709
0.086801484,-0.13802823,-0.057857666
-0.0472883,0.16639796,-0.037636362
0.12298469,-0.124563485,0.10177428
-0.13561767,0.013147792,0.061333667
-0.0036558653,-0.015839463,-0.13341483
-0.18563522,0.10841533,-0.040828314
0.057004053,-0.24880415,0.1251902
-0.055801906,-0.08003121,0.024089275
-0.11965431,0.11152521,0.011318527
0.027206352,0.10429102,-0.019539693
-0.012169208,0.0059214626,0.09965084
0.087866135,0.024559047,0.1709526
0.3081572,0.0038563784,0.02835041
-0.02600394,0.08668491,0.1326409
0.093187526,-0.035477746,0.04750946
0.0878664,-0.035482276,0.13264489
0.044233706,-0.019959906,0.0932668
-0.020682551,0.16850328,-0.04507679
-0.11539718,-0.0033896693,-0.0067677475
0.21557121,-0.04480567,0.277376
-0.20691878,-0.008550248,0.09752873
-0.04515926,0.19128929,-0.1663949
0.06764643,0.074276954,-0.22812067
0.013371887,-0.04169232,0.020903716
-0.004719317,0.2585944,0.06879515
-0.004719317,0.28448054,0.060281407
-0.052608754,0.376635,0.029419458
-0.10581905,0.4346231,0.0017507918
-0.14306638,0.40252116,-0.017405596
-0.16328634,0.31864518,-0.034434147
-0.15370862,0.21095236,-0.03443588
-0.12071803,0.13226812,-0.008892386
-0.06963597,0.08567355,0.031547427
-0.00471945,0.01525631,0.06453601
0.05061908,-0.032374125,0.08369187
0.07403181,-0.008554245,0.085821435
0.07509592,0.025615038,0.074115075
0.066582315,0.041146204,0.05389497
0.05168333,0.06599303,0.033674065
0.031463623,0.08671129,0.021970231
0.015500256,0.08566689,0.009197352
-0.0025910812,0.08566689,0.003876363
-0.021746669,0.09706416,0.0060067307
-0.035581402,0.099134706,0.0017497259
-0.04090239,0.10327646,-0.021662734
-0.036645785,0.12604581,-0.05146323
-0.023875171,0.14883648,-0.07168027
-0.0068479525,0.16850369,-0.0855166
0.0048582773,0.19128582,-0.09296543
0.015500389,0.18404311,-0.08870722
0.016564641,0.16436659,-0.07274493
0.0112435175,0.15504679,-0.03656212
-0.0025910812,0.13123077,0.014519541
-0.026003541,0.09499254,0.062409513
-0.058993995,0.070139855,0.10816991
-0.08772758,0.04529076,0.14435339
-0.09730544,-0.006480634,0.15605988
-0.08559907,-0.05411107,0.14222515
-0.048351884,-0.068607695,0.1156198
0.013372153,-0.07791856,0.08369573
0.08467405,-0.09966216,0.048577044
0.15384744,-0.1317625,0.027292553
0.21025036,-0.169045,0.029419191
0.24430506,-0.18043333,0.05176793
0.25813967,-0.15144248,0.077308625
0.24749768,-0.09966363,0.09008071
0.22514935,-0.050996657,0.083695866
0.19428739,-2.563369E-4,0.062412575
0.14959045,0.060817797,0.032610346
0.10170113,0.107417025,-0.0014430276
0.06871082,0.106384344,-0.029111693
0.053811967,0.07428974,-0.03868849
0.055940334,0.033905085,-0.028047042
0.06551819,-0.024079682,-0.0035701976
0.08680229,-0.10277498,0.021970231
0.111279264,-0.15971641,0.036871213
0.13256322,-0.1638647,0.037933733
0.1453337,-0.118305214,0.025163252
0.14426945,-0.029264642,-0.0025080782
0.12830648,0.075323746,-0.042945758
0.10276566,0.14988849,-0.09402435
0.07296782,0.2016572,-0.14191459
0.03784873,0.24306068,-0.17278028
0.015500522,0.25652462,-0.1940637
0.016564773,0.23996332,-0.20151159
0.035720363,0.20475084,-0.1919356
0.07083918,0.13123584,-0.16533011
0.11234338,0.020448199,-0.12276047
0.1357561,-0.08309153,-0.07486996
0.121921375,-0.14107643,-0.03230165
0.08680242,-0.14936662,-0.009955038
0.039977368,-0.1255498,-0.011018757
-0.012168809,-0.06549781,-0.029111292
-0.054737125,0.0018067489,-0.06103736
-0.07389285,0.045295425,-0.102541424
-0.06112223,0.07222506,-0.13552974
-0.020682419,0.07842697,-0.14936727
0.031463623,0.046332363,-0.15043034
0.078288674,0.0059481086,-0.14723824
0.10595814,-0.017866977,-0.14936662
0.12724237,-0.034429085,-0.14830115
0.14852633,-0.017868575,-0.14298177
0.17619592,0.048406374,-0.13553068
0.20918624,0.11156811,-0.12595296
0.23579146,0.11985056,-0.11318274
0.23898408,0.07636189,-0.10999012
0.21025036,0.02044127,-0.10679923
0.15916844,-0.0044042254,-0.10147677
0.0995729,0.0090529295,-0.09189985
0.04636261,0.0742952,-0.083383836
0.011243651,0.16230257,-0.073807314
-0.008976055,0.25135392,-0.0652929
-0.031324398,0.3145154,-0.049329933
-0.047287498,0.28035223,-0.01527363
-0.05048025,0.1467686,0.024099
-0.027067525,-0.037533507,0.050705947
0.017629026,-0.21770331,0.07837474
0.07403194,-0.34506106,0.114558354
0.12724224,-0.40512383,0.13584071
0.1708748,-0.41650632,0.12732896
0.20386511,-0.40201634,0.09433691
0.22195671,-0.32746428,0.047511727
0.22408536,-0.18145496,-0.0067596203
0.19854426,-0.011650006,-0.058907926
0.15916857,0.1302061,-0.10998972
0.11127913,0.20785673,-0.12914744
0.07509619,0.19854866,-0.1067963
0.0676467,0.1271006,-0.06954964
0.08148156,0.038057372,-0.030172747
0.109150894,-0.044779688,0.013459287
0.13788448,-0.10069484,0.05283458
0.14746234,-0.0996579,0.083697066
0.1357561,-0.06652396,0.09433904
0.10595841,-0.036489904,0.094340645
0.06338996,0.010097596,0.08369666
0.019757394,0.0629042,0.057091188
-0.017489664,0.090861976,0.014523005
-0.045159128,0.0898265,-0.031237664
-0.061122097,0.08982917,-0.07380531
-0.06644322,0.075328015,-0.10998972
-0.047287498,0.012170408,-0.13340098
-0.008976055,-0.073773734,-0.13872263
0.03891338,-0.14313886,-0.13446337
0.08786667,-0.19492264,-0.12701693
0.12830661,-0.22805272,-0.12382312
0.1495907,-0.22287469,-0.12382299
0.14639822,-0.2042367,-0.118501864
0.121921375,-0.18145722,-0.122758865
0.07616044,-0.13486692,-0.13020957
0.02827127,-0.095507614,-0.14829783
-0.0025908148,-0.087237954,-0.17809926
-0.015361163,-0.08826224,-0.19405943
-0.023874905,-0.08101912,-0.18341865
-0.028131777,-0.07894817,-0.16426294
-0.034517016,-0.08101792,-0.14936368
-0.045158863,-0.057194572,-0.11637123
-0.056865226,-0.0074978545,-0.0791251
-0.0632506,0.029771853,-0.07699833
-0.05580111,0.040130183,-0.10466673
-0.035581134,0.021490999,-0.13233647
-0.010040173,-0.014750963,-0.14085047
0.011243917,-0.059268184,-0.12701401
0.022950014,-0.111051306,-0.0929621
0.031463757,-0.16282164,-0.057842877
0.037848998,-0.15867668,-0.029108362
0.03678488,-0.10068712,-0.023786174
0.022950148,-0.03856578,-0.05358534
-0.0025905482,0.03599735,-0.107857086
-0.04303076,0.12709941,-0.16213603
-0.083470576,0.20786418,-0.19512647
-0.11539664,0.2741446,-0.20257278
-0.14519434,0.33731338,-0.1876722
-0.17073543,0.37354815,-0.14723384
-0.18776266,0.36008888,-0.07380318
-0.20798263,0.32488492,0.027296817
-0.22820273,0.27413768,0.12413688
-0.23565196,0.19856104,0.20289107
-0.219689,0.11675347,0.25184277
-0.17818493,0.05048305,0.2646127
-0.12391025,-0.0054222452,0.2518445
-0.06750747,-0.0468509,0.21353011
-0.026003275,-0.063410744,0.17415641
-0.005783302,-0.08101672,0.16777024
-0.0025906814,-0.10896957,0.19224815
-0.007911671,-0.106902085,0.22098081
-0.011104291,-0.054094415,0.23055866
-0.0015262971,0.032891728,0.22098307
0.0037946922,0.13126288,0.19331467
-0.006847553,0.19441302,0.15712853
-0.028131511,0.19752477,0.11881855
-0.048351616,0.1778452,0.08476225
-0.06750721,0.17578463,0.063480824
-0.068571456,0.17059861,0.052836448
-0.05792948,0.16852807,0.048579708
-0.045158863,0.16853192,0.04325965
-0.030260013,0.1322933,0.041131817
-0.013232527,0.048426893,0.039004512
0.003794559,-0.030268406,0.036875743
0.02295028,-0.0665109,0.03687521
0.035720762,-0.062373005,0.027296416
0.0399775,-0.026133176,0.0060120597
0.037849132,0.017355368,-0.02272139
0.03252814,0.052561324,-0.05464746
0.027207019,0.08776262,-0.0908316
0.025078783,0.10330897,-0.12807493
0.03146389,0.048416767,-0.15255524
0.055940736,-0.061335534,-0.16213189
0.08999544,-0.14312832,-0.16213003
0.1272425,-0.18662792,-0.15255497
0.16555408,-0.23218128,-0.12807652
0.19535178,-0.28292188,-0.086573526
0.20173702,-0.32744682,-0.026978128
0.17832442,-0.36472866,0.025166448
0.13788462,-0.38336012,0.061351255
0.088931054,-0.3781829,0.092213206
0.043170255,-0.3688623,0.116690315
-0.0047189174,-0.3419388,0.13158983
-0.055800974,-0.27877665,0.13265395
-0.11539637,-0.18972342,0.12307742
-0.16647856,-0.10586394,0.09008404
-0.19201952,-0.031306542,0.042196065
-0.19840464,0.042213786,0.0070781764
-0.1898913,0.11053583,-0.020595552
-0.1696712,0.12814994,-0.03336297
-0.15370809,0.11158356,-0.020592354
-0.14306584,0.09502039,0.004949541
-0.13455236,0.08258845,0.040066633
-0.12816712,0.08983849,0.08902072
-0.13029549,0.10951009,0.13797374
-0.14945121,0.12194043,0.004949141
-0.0132326605,-0.060302857,0.18479879
-0.021746136,0.20685735,-0.10678977
0.10063729,-0.17316678,-0.08976668
0.13788487,-0.03336843,-0.13658828
0.055940866,-0.119313106,-0.0024988852
-0.06005758,0.14473297,-0.067413546
0.044234637,-0.057182983,0.19012338
-0.06963544,0.2824433,0.033684988
0.14533436,0.0028769954,-0.009946379
0.09744506,0.037047878,-0.094018355
0.19003132,-0.18556154,-0.068474464
0.27091107,-0.23112223,-0.098272696
0.005923461,-0.1627806,-0.062088955
0.031464424,-0.031281363,0.021982621
-0.094111755,-0.17209066,0.19545144
-0.032387983,0.16131252,0.01134091
0.10808758,0.038109597,-0.06634223
0.03359306,-0.1927964,-0.06315001
-0.13774405,0.08471082,-0.041863788
-0.057928544,-0.0664656,-0.100395605
-0.14732204,0.27419683,-0.15999088
0.016565707,-0.23939149,0.19438799
-0.078148514,0.1230196,0.020923566
-0.08559787,0.14994577,0.015603777
0.038914315,0.06815538,-0.06846593
0.15491289,-0.3615592,0.07839313
-0.012167476,0.1364946,-0.094006896
0.005924127,-0.09543834,-0.021639151
0.10276686,-0.2383367,0.05711024
0.058070168,0.06298267,0.04327684
-0.068570256,-0.05609142,0.14863397
0.07829001,0.0712574,-0.010999838
0.1112806,-0.13064376,-0.119546264
-0.35377797,0.04744751,-0.013126874
-0.18988983,0.14168464,0.15714918
0.01443787,0.37776613,0.03689373
0.17938988,-0.44437855,0.60305166
-0.016423948,0.2876878,0.27208498
-0.3122735,-0.09541968,0.13373978
0.025080115,-0.11923464,-0.26214498
-0.0057818363,-0.12855935,-0.12486379
-0.09836796,0.08163158,-0.23447832
-0.22713701,-0.119245425,-0.04717798
-0.03770817,0.08680841,-0.15253446
-0.14200039,0.22866865,-0.028021062
-0.055799644,0.026752567,0.039022766
0.12937246,-0.003265098,0.08265786
0.1336292,0.12098583,0.16885808
0.116601855,0.045396812,0.25612268
-0.07921197,0.27734774,0.050733525
0.025079982,0.05989264,0.095427275
-0.04090066,8.781271E-4,0.04753944
0.053813696,-0.029147798,0.05498933
0.10383137,-0.013625027,-0.051433522
-0.14519274,0.11996128,-0.039723694
-0.052606754,-0.027073788,0.03796291
-0.09623932,0.0547262,-0.09506289
-0.15157825,-0.14719161,0.2497385
-0.1717981,0.4088446,-0.018440936
-0.22075164,0.36017826,-0.029083181
-0.050478388,0.35086194,0.21887775
-0.116459295,0.30633247,-0.032276466
-0.26012734,0.29391253,-0.015247783
-0.25693458,0.2835631,-0.022695942
-0.233522,0.24317726,-0.031210484
-0.1824402,0.16241062,-0.04717412
-0.1324224,0.09924422,-0.049303554
-0.100496195,0.06611427,-0.022697274
-0.0749551,0.15309669,0.1805675
-0.110073924,0.17898005,0.052861895
0.15810618,-0.2383038,0.052862026
0.23579332,0.018487567,-0.084420376
0.026144499,-0.13372193,0.17205375
-0.034515154,0.09201123,-0.06845541
-0.053671006,-0.047780722,0.1433199
-0.11645916,0.1914092,0.0039094044
-0.09730331,-0.09332755,0.14013062
0.061263587,0.20074178,-0.12911293
0.12085899,-0.2952463,0.06350587
0.15810631,-0.039487474,0.11352461
0.057006583,0.06198597,0.16247816
-0.14519261,0.042315174,0.0028476845
0.12830861,0.13447256,-0.17593825
0.28049028,-0.30351824,0.07734353
-0.012166544,0.0837373,-0.0397193
-0.107945286,-0.044660445,-0.06632518
-0.036643256,0.22870542,-0.11101973
0.012310167,-0.049823023,0.06883286
0.0091175465,-0.007377147,-0.17593665
-0.12390812,0.13345374,-0.17912647
0.22621572,-0.35218108,0.04648238
-0.053670473,0.12309394,-0.033331525
-0.093046166,0.08685331,-0.0014053232
0.20706026,0.024732381,-0.102503456
-0.037707373,-0.18546975,0.09969387
-0.06963344,-0.021858983,-0.06206271
0.2123814,-0.092268094,-0.08015391
0.09638281,0.037163522,0.043294292
0.016567172,0.036124587,0.004981916
-0.018551517,-0.18753336,-0.15890637
0.21344551,-0.062240973,-0.14400658
0.17406996,-0.08397752,0.115661904
-0.043028228,-0.071558766,0.09756857
-0.035578605,0.17902961,-0.012041707
0.03040217,-0.033232268,-0.00884802
0.09531856,-0.21755263,-0.07589598
-0.032385983,-0.04048538,-0.08653649
0.137887,-0.050838646,-0.065252
-0.06750481,0.04132087,-0.07695703
-0.011101893,-0.076727875,-0.052482318
0.063392624,0.03718284,-0.14080851
-0.05899093,-0.20303589,-0.05567081
-0.065376304,0.039255388,-0.11313864
0.24643649,-0.18750086,-0.0088446895
0.18684097,-0.11811749,-0.04183288
-0.056862563,-0.09120558,-0.04077129
0.09531896,-0.18543111,-0.017358698
0.15810739,-0.098443635,0.06565196
0.109153695,-0.08188499,-0.09504544
-0.09198138,0.14591046,-0.08440399
0.40713188,-0.3583422,0.0028632726
0.12086019,0.06516153,-0.07162938
0.05807177,-0.0042223646,-0.13441993
0.24856487,-0.018723652,-0.1642191
0.08467685,-0.17404303,-0.014166611
0.03146669,-0.1988876,0.094384074
-0.049412936,0.18629818,0.01137595
0.017631955,-0.08498981,0.083741695
0.078291744,-0.13262025,0.00818293
-0.100494996,-0.05910711,0.06884191
-0.09304537,-0.18542178,0.06565183
-0.16009066,0.09000103,-0.27596
-0.07176128,0.009242917,0.10928453
-0.23352079,0.24946883,-0.10036349
0.3060323,-0.1978448,-0.020548254
-0.054733925,0.10967956,0.04436747
0.049558293,-0.06841491,0.1550456
-0.039835077,0.19562383,-0.10674913
0.114474945,-0.36247584,0.12418497
0.016567705,0.03098226,-0.07163191
-0.11539371,-0.041492607,0.09651444
-0.005780504,0.2587813,-0.095044106
-0.08878863,-0.014571368,0.014570302
-0.005780504,0.21528876,-0.10462303
0.14427266,-0.37697953,0.15398094
-0.15370528,0.3778606,-0.25254595
0.041044682,-0.21130449,0.35298872
0.0421088,0.14281803,-0.012034245
-0.058990665,-0.0011090168,0.030533804
0.05381503,0.08793369,-0.20572142
0.061264522,-0.11915136,-0.10781339
-0.03451409,-0.17300104,0.2210249
-0.16753976,0.24636948,0.03798516
-0.182439,0.23703197,-0.19401667
0.1155392,-0.20508711,-0.18656318
0.21451029,-0.16989274,0.016697472
0.06764963,-0.05806817,0.21676764
-0.067504406,0.059982836,0.2348619
-0.11326534,0.30745348,-0.09929938
0.17726336,-0.41527858,0.08906748
-0.08453163,0.29399338,-0.17166525
0.15385064,-0.14295925,0.07416783
0.059136286,-0.14503166,-0.058858365
0.066585645,-0.08601169,0.114607245
0.10596134,0.1024395,0.11886412
0.14001605,-0.1025754,-0.009904011
-0.15583366,-0.110865444,-0.050345555
-0.25267637,-0.03113201,-0.27914903
-0.3750602,-0.3065591,-0.16953543
-0.20159432,-0.116033085,-0.3078813
0.28155544,-0.21026862,-0.13973905
0.76789826,-0.46913025,-0.25786626
0.90837365,-0.31173328,0.051820423
-0.2430984,0.029967703,0.19974628
-0.5527827,0.34370795,-0.11951562
-0.99549305,0.69161713,-0.2057165
-0.38357395,0.01235893,-0.015225001
0.32199553,-0.5105383,0.24444203
0.524195,-0.2713486,0.1295081
0.78386176,-0.41423273,0.21890347
0.4901404,0.33025253,-0.21954976
0.25601488,-0.0073024044,0.58286244
-0.3739958,0.09106209,0.347672
-0.20265844,-5.6623277E-5,0.028409831
0.0016693874,0.25778115,-0.09929178
0.021889227,-0.15019105,-0.14186183
0.27836323,-0.2827311,0.0028694014
-0.06963251,0.16458215,-0.07907421
-0.10368695,-0.011434438,0.03799089
0.19003399,-0.028006673,0.08162199
-0.13135655,-0.10981066,0.01351178
-0.16009,0.3043757,-0.030118387
-0.109008074,0.31368977,0.012448461
-0.0930451,0.011335048,0.07310705
-0.069632374,0.28056008,-0.12057614
-0.011100694,-0.16777398,-0.04501391
-0.07388925,0.2039356,-0.09929245
0.017632356,0.20081879,-0.1599549
-0.06644002,-0.18437006,0.014574032
0.047430057,0.2225616,-0.18868887
-0.019614836,-0.13260092,0.046499435
-0.24948363,-0.05804619,0.08694005
-0.20585093,0.33232656,-0.09822927
-0.119650185,0.14076693,-0.16846758
0.1389518,-0.21336943,-0.030124383
0.40606818,-0.08702851,-0.10887138
-0.05260529,-0.0052369204,-0.13015772
-0.06431152,-0.28687644,0.029473683
-0.15476927,-0.010419616,0.0124444645
-0.0036518683,0.122114964,0.1018373
0.078292005,0.079665884,-0.1844332
0.15491477,-0.2247683,-0.05247499
-0.053669542,-0.006278922,-0.032252353
-0.105815716,0.09933748,0.15079153
-0.07814625,0.06517433,0.0018042175
-0.13561355,0.15421717,-0.0450223
0.350729,-0.29517314,0.027341848
0.0399807,-0.0010963599,-0.007774176
-0.008972858,-0.11913937,0.06884804
-0.21968593,0.17078087,-0.15676494
-0.05686216,-0.1336368,0.023086842
0.01869634,-0.05598337,-0.22381051
-0.0068444884,0.01650109,-0.09078363
-0.1920166,0.03721042,-0.054600563
0.037852194,-0.21129276,-0.15144248
0.08467738,0.11901787,-0.12270784
0.0037974901,-0.062191013,-0.013096098
-0.18988809,0.1904586,-0.29723915
0.2485654,-0.29515728,0.14547293
-0.17818174,0.14490603,0.17846312
0.14001618,-0.13155772,0.39768994
-0.06963251,0.5828962,-0.0769473
0.22621693,-0.32000944,0.0028687352
0.22834542,-0.33761328,0.00712534
0.21025369,-0.38732734,0.027341848
0.17407075,-0.40595374,0.046500634
0.14320867,-0.37385887,0.04862807
0.12618144,-0.3179421,0.042243496
0.13682355,-0.24131721,0.04117978
0.06977853,-0.123275004,0.21890293
-0.083467245,0.16457403,0.30935922
-0.046219915,0.11073581,0.17846312
0.09319099,-0.20197497,0.060334302
-0.21010794,0.13247515,-0.13547926
-0.11539358,0.14075801,-0.3738619
0.22728117,-0.39145523,-0.16527589
0.14427304,-0.07978353,0.15717956
0.026146099,0.20289586,0.010319692
0.092126876,-0.25581545,0.0741697
-0.31972128,0.3043633,-0.1365423
0.0059261257,-0.15537147,-0.019478807
0.059136685,-0.23405398,0.062467866
0.24750128,0.01858709,-3.2215315E-4
0.23153818,0.087961935,0.025218675
0.31986728,-0.035255916,-0.048211455
-0.037706174,-0.024900254,-0.07055953
0.03891658,-0.2278506,-0.03224889
-0.018550452,-0.113945484,-0.021605179
-0.054733526,0.029978495,0.23806065
0.12511747,0.1676947,0.24763891
0.18364887,0.22361133,0.07098121
-0.07601775,0.21532008,0.029475147
0.21663933,-0.062171694,-0.019476276
0.083613396,-0.35520104,0.1635676
-0.14731951,0.28159356,-0.06736625
-0.08559535,-0.07355923,0.18485196
-0.23352039,-0.07356816,0.1295109
-0.3644177,0.2639965,0.14121966
0.19854786,-0.1108364,0.085880324
0.16023628,0.24742587,0.007128671
0.24856554,0.23913996,0.15398867
0.39436194,0.054831583,-0.0428894
-0.5304341,0.011347039,-0.076942906
-0.41549963,0.10765004,-0.027987754
-0.6975146,0.29298657,0.11142129
-0.46126056,0.14285253,0.076303795
0.36030737,0.025841398,0.09332955
0.4667281,-0.3852251,0.345548
0.6263592,-0.13567896,0.2114589
0.4794987,0.010317427,-0.18336216
0.16023628,-0.18332219,0.08694338
-0.36973867,0.20187171,0.029478345
-0.17711721,0.15527822,0.06353345
-0.010036709,0.061044157,0.11993423
-0.20052981,0.26814014,0.11567923
0.2528224,-0.084951036,0.124191634
0.3603075,0.056915186,-0.08439013
-0.021742806,0.080732405,0.13909382
0.021889493,-0.07251963,0.19123825
0.024017863,-0.0632013,0.20081599
0.01018313,-0.053881913,0.25189805
-0.014293314,-0.04973429,0.32000878
-0.04941214,-0.03730901,0.37641183
-0.093044706,-0.017639017,0.41152972
-0.17605282,0.14596495,0.062470663
-0.06431125,0.04862434,-0.032245956
0.079356655,-0.013499922,-0.23444475
0.2528224,-0.06631119,-0.24083093
0.117668234,-0.3282695,-0.14611404
-0.043026898,-0.23818375,-0.020537063
-0.18669493,0.018604543,-0.0524638
-0.05154064,-0.035237797,0.01138874
-0.1898877,0.068302326,-0.07906981
0.16023655,-0.10771733,-0.07055473
-0.023871174,-0.055942334,-0.11631487
0.1517228,-0.23197505,0.0103238225
-0.09517307,0.12422028,-0.17591174
-0.16966745,-0.00416774,0.07311451
0.18258503,-0.0725079,-0.09290188
0.06871468,-0.14292635,-0.05565682
0.02401813,-0.018663699,-0.11099308
6.05536E-4,-0.12738653,-0.098223
-0.106879435,-0.00728615,-0.16207834
-0.06324687,0.006180331,-0.13866428
0.11873262,-0.19468895,0.0018127443
-0.112200156,-0.006230559,7.5049157E-4
0.13469572,-0.23196532,0.022032583
-0.04834762,0.105602816,-0.10673288
0.0995769,-0.1294524,-0.19080766
-0.019614171,-0.20296554,-0.03223983
-0.0472835,-0.013478339,0.12526281
-0.17179596,0.29507616,-0.017342845
-0.052604623,-0.083895184,-0.06416763
0.08680628,-0.11599898,-0.13653497
0.033596125,-0.07663807,0.059282575
-0.11220002,0.22778612,-0.11098949
-0.0015228331,-0.08700799,-0.009894818
0.092127405,0.01550865,0.006070282
-0.12497077,0.040356543,0.11781132
-0.014293048,0.0020574902,-0.15994345
0.11021901,-0.12841307,-0.0503313
-0.098365426,0.03518597,0.022034315
0.020825641,-0.0020876003,-0.08332149
0.10702639,-0.13980447,0.048639394
-0.067503475,0.16461812,-0.0045702313
0.047430724,0.030005675,0.0018135437
0.047430854,-0.04143185,0.030549258
0.10915476,-0.13255909,-0.027984023
-0.046219252,-0.09009776,-0.12482488
-0.07069609,-0.01969251,-0.08119365
0.005926792,-0.034182873,0.032677893
-0.10475066,-0.0020887994,0.025227336
-0.0313204,-0.02072332,-0.116311274
-0.08665919,0.047608986,-0.2429537
-0.07601708,-0.04868456,-0.20144898
-0.01854992,-0.13255376,-0.25465888
-0.09942954,-0.14393663,-0.2759411
0.04955936,-0.17707431,-0.079063684
-0.21542813,-0.021751465,-0.30360988
-0.013228663,0.10457507,-0.34830603
-0.18775879,0.024838833,-0.059907563
0.13043912,-0.09113003,-0.31318867
0.058072966,-0.15325762,-0.3174457
-0.1388051,-0.18534905,-0.20038098
0.042109866,-0.24955317,-0.2365658
-0.11645676,-0.043496136,0.0965319
-0.08346644,-0.15739472,-0.05564949
-0.028127646,-0.58089405,-0.08864061
