14:41:39.987 12732,-3824,9984,43.97,1250,-1175,1222
14:41:40.189 6736,1700,14592,43.87,-2426,2937,-3273
14:41:40.447 1272,-4684,16228,43.82,-2755,2060,-3100
14:41:40.684 -7180,244,22140,43.82,-557,-588,-100
14:41:40.919 1796,-4832,16008,43.82,2361,-4878,4325
14:41:41.172 9400,-1472,16232,43.78,-1336,1871,-3489
14:41:41.404 -2800,-420,13748,43.82,-2542,404,-324
14:41:41.663 6540,-2404,16856,43.82,-4907,-1630,2713
14:41:41.896 7304,1600,19812,43.87,91,1065,-2527
14:41:42.130 2776,-6292,14856,43.73,533,841,-2269
14:41:42.400 -476,-3792,14408,43.68,-562,-748,-906
14:41:42.635 1156,1036,18832,43.73,-1167,-847,714
14:41:42.869 2252,-8640,19348,43.54,-2439,-2304,2565
14:41:43.128 6052,-2156,17680,43.78,2975,-717,-1283
14:41:43.363 4908,-2308,10880,43.73,2971,-967,259
14:41:43.601 5828,-876,12476,43.73,-276,-228,-243
14:41:43.871 1140,-3460,14652,43.59,-2782,1907,-1970
14:41:44.140 -2532,-6000,18920,43.59,-848,-1765,838
14:41:44.343 1012,-6976,19440,43.49,2244,-2675,2409
14:41:44.581 5236,2136,17952,43.68,2945,-979,340
14:41:44.838 2888,-264,15004,43.54,2757,-278,-1117
14:41:45.061 1604,-452,15700,43.59,332,-565,315
14:41:45.318 1200,-3620,15732,43.59,128,-1901,1588
14:41:45.555 5964,760,17664,43.45,1862,-1210,238
14:41:45.790 5816,-5168,14720,43.49,-63,369,-624
14:41:46.048 2724,-632,17208,43.59,17,-1933,1947
14:41:46.293 5992,3276,17404,43.49,-1142,-1547,1023
14:41:46.527 2832,-2064,14832,43.49,-3193,-711,100
14:41:46.761 2440,-948,17480,43.45,-422,270,-881
14:41:47.024 1612,-6408,14884,43.45,-369,650,-2470
14:41:47.257 3144,-7376,14612,43.40,902,467,380
14:41:47.493 6056,-3308,14700,43.40,199,487,-778
14:41:47.768 2792,-2224,14216,43.40,-366,171,-1471
14:41:47.970 96,1968,17720,43.35,227,-515,-505
14:41:48.239 1420,2232,18632,43.40,651,-1639,999
14:41:48.508 6532,-1240,16044,43.31,-1513,87,148
14:41:48.699 4620,-1488,16164,43.35,265,572,-1006
14:41:48.953 744,28,17160,43.40,216,-419,-1216
14:41:49.187 2080,-1232,15972,43.40,-777,-1069,861
14:41:49.446 4988,-2352,15556,43.35,543,-497,-320
14:41:49.680 1056,-3308,15172,43.35,802,-598,-1143
14:41:49.918 3760,-3152,17324,43.35,-1590,302,952
14:41:50.157 5244,-2164,15868,43.35,-2244,392,-1961
14:41:50.415 2108,-1344,18260,43.31,-1712,404,-905
14:41:50.651 1872,-7912,18744,43.26,-983,-737,838
14:41:50.885 3820,-7960,15340,43.31,2780,-1614,474
14:41:51.144 4400,-5944,13460,43.26,2540,-390,-25
14:41:51.388 2232,-6096,15476,43.17,-2207,-365,766
14:41:51.665 5124,-2532,16696,43.21,-914,930,-943
14:41:51.867 6396,-6140,16228,43.35,869,464,-2086
14:41:52.137 28,-3632,15496,43.17,946,-289,-291
14:41:52.407 4388,-7584,13752,43.21,-5419,-1643,1198
14:41:52.610 5392,-8388,14296,43.26,-256,-267,-1085
14:41:52.846 1888,-184,21268,43.12,-708,1174,-1394
14:41:53.078 -2084,-3476,20356,43.12,723,-1698,1224
14:41:53.339 4244,-2148,12076,43.21,2864,-2354,1571
14:41:53.572 15544,-2820,13192,43.21,-1269,-464,939
14:41:53.831 6808,-4120,15892,43.12,-2801,4246,-4506
14:41:54.074 -4004,-5516,15288,43.17,-49,824,-2019
14:41:54.315 1620,-2380,16696,43.12,1308,-3010,1979
14:41:54.548 8800,-2856,19352,43.17,-820,429,-345
14:41:54.808 -2168,-4096,16536,43.12,669,-77,-764
14:41:55.042 -444,4316,23292,43.21,-978,-1263,474
14:41:55.278 2908,-5156,20140,43.12,1550,-2191,1443
14:41:55.538 9180,-5804,15012,43.12,1363,-1716,1869
14:41:55.810 7740,-924,14124,43.17,2374,1186,-2561
14:41:56.013 -76,2020,12708,43.02,-1257,343,-1867
14:41:56.283 928,-4904,13172,42.98,-1796,-106,309
14:41:56.553 2796,-1992,16936,42.98,-941,-278,-570
14:41:56.743 2172,-3740,16688,43.07,-644,-179,-748
14:41:57.003 916,-8744,15736,43.02,-842,-1575,1836
14:41:57.242 4484,-8264,15952,43.07,1318,-1833,535
14:41:57.476 584,-6888,15368,42.98,-486,-2279,1959
14:41:57.734 5048,-6908,15624,43.07,2815,-859,369
14:41:57.966 5748,-3488,14672,43.07,936,-641,-536
14:41:58.199 2824,1056,15952,42.98,1929,-128,-973
14:41:58.459 1156,1520,16124,42.98,-86,-655,-271
14:43:11.107 -3376,-776,15012,42.65,-4311,-3916,5044
14:43:11.368 7688,-2080,17844,42.60,-1512,-2386,2723
14:43:11.602 11360,-3004,13268,42.55,1802,-696,-2412
14:43:11.841 -3444,4,16248,42.51,-3680,2718,-3835
14:43:12.105 -2032,-5472,17900,42.65,-4805,-3317,4762
14:43:12.338 11192,-7408,17168,42.65,1698,-698,1991
14:43:12.597 2196,-5952,15176,42.55,2029,3069,-3964
14:43:12.831 -1300,3212,19960,42.65,1248,-647,111
14:43:13.065 5396,1164,19240,42.65,-3415,-706,1594
14:43:13.309 6420,-616,20280,42.60,1991,-288,-2627
14:43:13.559 3948,2516,18340,42.51,2070,748,-1782
14:43:13.831 1248,-5720,15852,42.65,-792,-1366,206
14:43:14.101 4276,-980,15924,42.65,2576,-1053,114
14:43:14.304 1428,-1612,17408,42.60,-1343,-3445,2754
14:43:14.564 8044,-9852,17028,42.55,1089,-2370,1489
14:43:14.777 4968,-5112,14932,42.55,3715,1021,-1828
14:43:15.037 -1816,-3932,14428,42.55,2214,-369,-669
14:43:15.272 2304,-8388,12412,42.51,-715,-2632,1896
14:43:15.530 2960,-8184,15836,42.60,-2833,1045,-1017
14:43:15.764 -3232,-4604,15364,42.65,108,4024,-2503
14:43:16.017 -1032,-748,18104,42.55,-1891,-3141,4405
14:43:16.256 10596,6808,21352,42.60,121,-3231,3794
14:43:16.514 10076,1532,15016,42.60,-1504,1370,-3584
14:43:16.748 -192,4096,15748,42.55,-439,413,-1838
14:43:16.981 -3552,-452,21624,42.60,-5594,-267,634
14:43:17.225 172,-6980,19296,42.74,-106,-3052,3001
14:43:17.484 7152,-1084,16316,42.65,2364,-488,288
14:43:17.733 5360,-324,16436,42.46,-1906,9,-887
14:43:18.003 3596,1032,17268,42.69,-1431,2144,-1844
14:43:18.206 -1620,-4684,15240,42.60,-159,-355,-575
14:43:18.475 2536,-6304,13180,42.65,224,-1458,1768
14:43:18.695 2448,-5660,14836,42.60,-1365,-353,679
14:43:18.929 3092,-2312,15928,42.55,-78,-225,-34
14:43:19.168 4028,-736,16392,42.55,-271,265,-670
14:43:19.424 1804,1456,17988,42.65,-504,1007,-511
14:43:19.680 260,-2740,16304,42.60,-429,-2471,1867
14:43:19.914 5900,-3152,16116,42.60,98,-593,-1575
14:43:20.151 -2060,-100,15296,42.65,-1805,612,-1396
14:43:20.382 1024,-740,14104,42.65,-903,-2020,862
14:43:20.642 216,248,18368,42.60,-1660,-777,1404
14:43:20.876 10272,5396,18056,42.55,390,-1825,2952
14:43:21.113 9716,-3916,13216,42.51,-18,702,-1771
14:43:48.635 10964,-328,16724,42.27,985,-917,1320
14:43:48.896 2900,-2000,13744,42.27,1301,742,-2922
14:43:49.126 -1228,96,18128,42.22,-1485,-362,-248
14:43:49.384 3796,-2192,18904,42.22,-1379,-2486,4296
14:43:49.618 7340,-1656,18600,42.22,2101,77,-242
14:43:49.858 2332,-1532,15124,42.32,374,841,-1281
14:43:50.117 -940,-1764,14744,42.32,-1704,-1446,53
14:43:50.351 4620,-3576,20144,42.27,-1870,-1539,2175
14:43:50.627 6180,-2720,14380,42.18,87,-176,-280
14:43:50.895 2852,-2640,15664,42.18,-785,704,-1769
14:43:51.098 -1360,-5152,15852,42.27,-848,-509,530
14:43:51.321 2692,-4080,18080,42.27,564,-1817,1969
14:43:51.579 2316,-6196,16040,42.32,1593,-1275,-1129
14:43:51.810 1732,-2184,16692,42.27,1621,78,-334
14:43:52.070 896,-6388,14996,42.22,-1591,890,-405
14:43:52.303 2544,-1056,15720,42.18,-681,-12,-1755
14:43:52.562 -3904,-4636,19284,42.22,-3793,-236,1297
14:43:52.800 11216,964,19072,42.22,129,-1694,1005
14:43:53.040 2488,-1380,11640,42.18,2588,1771,-1835
14:43:53.274 2732,-3484,11652,42.27,-1758,-101,-450
14:43:53.533 3132,-3720,19608,42.32,-1918,671,-334
14:43:53.766 -40,-3228,18328,42.08,-599,224,-458
14:43:54.026 4164,-1872,20872,42.22,1453,-3957,3753
14:43:54.270 7752,-6096,15148,42.22,103,1614,-1729
14:43:54.522 -1264,-1540,17356,42.27,-89,1648,-2392
14:43:54.792 -388,-3904,15384,42.13,-3684,-3508,3771
14:43:54.994 17300,832,17376,42.13,868,-651,-907
14:43:55.264 2348,-900,14516,42.18,399,4414,-6353
14:43:55.476 -8736,-4588,19952,42.13,-4165,2133,-839
14:43:55.724 -1836,-6688,14648,42.22,-1985,-4062,5908
14:43:55.990 3712,-3604,13008,42.27,-1908,-5190,3004
14:43:56.225 11392,-3428,17360,42.18,-476,3171,-2856
14:43:56.458 3172,1516,16440,42.27,1420,-1598,400
14:43:56.717 3028,-3420,13596,42.22,646,891,-2982
14:43:56.955 3088,272,17012,42.22,-1039,-1777,3431
14:43:57.194 5480,-7688,8696,42.18,4533,-2392,1073
14:43:57.428 3672,3596,17220,42.22,-1510,3025,-3328
14:43:57.687 -3112,-1196,18180,42.18,-4439,1257,-1330
14:43:57.921 -7072,-1004,17232,42.18,-1209,-134,-234
14:43:58.186 5576,-5352,15812,42.08,-549,221,727
14:43:58.418 -7304,-2836,14216,42.13,-1932,-2261,3189
14:43:58.667 -5632,-5048,7328,42.08,-2508,-4365,867
14:43:58.937 9804,-4476,18700,42.22,-1919,356,2183
14:43:59.207 6308,-5676,17640,42.13,46,1311,-1077
14:43:59.409 -1748,-5432,12224,42.13,6651,-1803,-960
14:43:59.645 5964,-5644,13172,42.13,4107,-2022,781
14:43:59.880 6668,3480,14200,42.18,4738,-163,-862
14:44:00.119 1316,-60,12588,42.18,-3311,1640,-2464
14:44:00.380 3216,-6508,13664,42.13,-940,875,-2517
14:44:00.614 -4840,-2816,18924,42.18,-3057,3436,-5509
14:44:00.872 -7752,-2824,14088,42.13,3134,-3873,5392
14:44:01.106 13132,-2544,14588,42.13,-579,-3682,4228
14:44:01.365 15864,-1644,13800,42.13,-1147,5650,-8399
14:44:01.604 -19796,-2704,19520,42.08,-4837,3523,-3358
14:44:01.863 6248,-4868,19072,42.32,3450,-11595,12200
14:44:02.100 19816,-8612,10352,42.08,4754,-2402,1741
14:44:02.360 8316,-1972,9108,42.13,-1739,6263,-8176
14:44:02.593 -7116,-3384,17080,42.18,-3802,-1015,1106
14:44:02.830 3268,-5012,17916,42.13,-6076,-1212,2178
14:44:03.099 6124,-2384,19380,42.27,4504,-3084,1973
14:44:03.370 3064,-2680,13156,42.22,-1046,238,-310
14:44:03.575 7952,-12108,10984,42.18,-4081,-513,1057
14:44:03.808 11376,-1776,15020,42.13,5080,1291,-1025
14:44:04.069 7392,-3284,9360,42.13,-422,5585,-8252
14:44:04.302 -3896,2864,15312,42.08,-1965,2058,-4994
14:44:04.560 -7324,-5480,18232,42.18,-762,1767,-1060
14:44:04.795 868,-5592,21948,42.18,-3140,-8148,8395
14:44:05.054 20944,-4128,16684,42.22,2155,-6694,7012
14:44:05.288 20056,-2688,7540,42.18,2305,2065,-4676
14:44:05.545 -3156,1656,15352,42.13,-1491,4003,-5722
14:44:05.791 -11528,-2156,19408,42.22,-1735,-1661,3042
14:44:06.031 3360,-9304,18908,42.22,-461,-5854,3673
14:44:06.290 7856,-2584,15752,42.18,2556,1241,-1115
14:44:06.523 -5492,-2224,14828,42.22,2408,1979,-2194
14:44:06.800 -2064,-3288,17080,42.22,-2620,-2540,2377
14:45:11.663 2736,-1424,17228,41.47,-976,57,457
14:45:11.924 3188,-3944,15432,41.42,-902,-619,81
14:45:12.158 3940,-3204,16000,41.52,-269,-512,-204
14:45:12.443 2668,-3288,15988,41.57,-1232,-321,-411
14:45:12.644 3376,-3780,16304,41.57,-204,-220,-84
14:45:12.916 3200,-2972,16112,41.42,175,-410,-309
14:45:13.184 3092,-3232,16132,41.52,-435,-596,-249
14:45:13.394 2828,-4228,15640,41.47,-649,-349,-480
14:45:13.632 3140,-5476,15988,41.52,-775,166,-806
14:45:13.866 2164,-4468,15900,41.38,123,-730,-476
14:45:14.124 5356,-8816,15472,41.47,-1550,-1035,141
14:45:14.357 6876,-6416,15176,41.42,927,347,-976
14:45:14.596 4856,-4584,13004,41.52,522,522,-1279
14:45:14.856 1840,-2844,16088,41.52,-1484,941,-1053
14:45:15.089 -672,-2132,19824,41.42,-1422,-698,1637
14:45:15.323 9896,-6984,17336,41.42,1176,-4867,5712
14:45:15.582 10848,-2992,15336,41.42,1586,1215,-2572
14:45:15.816 -5420,-900,12152,41.47,-2325,5258,-4747
14:45:16.080 -13668,-2228,21096,41.42,-3508,-4912,5103
14:45:16.317 18508,-4116,19952,41.47,4806,-2210,634
14:45:16.552 3048,2128,12008,41.38,2574,4768,-5511
14:45:16.823 -2788,-6644,16656,41.42,-5510,-1638,2687
14:45:17.094 10352,-5076,22032,41.38,4669,-3825,4282
14:45:17.285 11036,-1528,15872,41.42,559,880,273
14:45:17.543 6060,996,13816,41.42,-1767,3925,-3837
14:45:17.777 -3488,-7048,18240,41.38,-4113,134,286
14:45:18.038 3960,-7196,14152,41.33,3942,600,-414
14:45:18.272 -2892,-432,13712,41.28,-1476,848,-1995
14:45:18.529 2660,-4688,13168,41.38,-2161,-2875,1927
14:45:18.752 13188,-8248,17656,41.42,-60,601,545
14:45:19.016 -2668,-4356,15056,41.33,2297,579,-2715
14:45:19.251 672,-76,15632,41.38,-1910,113,-1115
14:45:19.484 176,-4056,17408,41.38,-1878,-1339,3126
14:45:19.743 5912,-3748,14984,41.28,1645,-665,-2223
14:45:19.977 4800,144,19216,41.33,-1385,2185,-2851
14:45:20.233 -1012,-1720,15176,41.38,-3287,2534,-5103
14:45:20.515 -5976,-4628,13632,41.42,-1565,-4310,3233
14:45:20.718 15300,4484,22244,41.33,2054,-3208,331
14:45:20.989 6724,2016,15244,41.38,-679,3077,-3964
14:45:21.258 -2664,13128,22524,41.52,-2931,1607,881
14:45:21.443 12016,984,17952,41.33,546,-1327,2859
14:45:21.704 15032,3920,13300,41.38,2425,1803,-6210
14:45:21.943 1984,5120,14756,41.42,153,8044,-12448
14:45:22.177 -14568,1664,12416,41.42,-4421,3671,-6012
14:45:22.436 -1600,1196,22052,41.38,-1427,-7745,6683
14:45:22.692 18664,712,16580,41.38,1894,-1091,-2346
14:45:22.926 -940,2752,11532,41.38,-2903,10230,-14144
14:45:23.185 -7288,4404,23528,41.33,-2737,-1568,1997
14:45:23.425 8524,-5256,20676,41.33,-119,-2040,-183
14:45:23.659 2092,-4144,13516,41.33,928,4248,-5900
14:45:23.922 -2832,-2576,15780,41.33,-3322,-1041,-3301
14:45:24.156 6912,-4016,17352,41.42,-692,-1219,46
14:45:24.390 6720,268,17100,41.33,314,-620,-3874
14:45:24.684 9044,-2972,11316,41.33,-2313,1207,-4980
14:45:24.886 2480,-4072,17228,41.33,-1498,462,-3832
14:45:25.156 -4436,-2004,16284,41.28,-1112,-161,-101
14:45:25.426 11548,-688,15964,41.28,261,-1315,-1445
14:45:25.616 12724,2316,15580,41.33,-803,283,-3869
14:45:25.875 5036,-5460,19964,41.19,-4467,2381,-2380
14:45:26.106 11016,-2460,16424,41.19,2351,840,-1019
14:45:26.346 5860,-2424,6764,41.19,-1485,7052,-10945
14:45:26.607 -11012,412,16932,41.24,-7317,-1001,709
14:45:26.841 4116,-4600,23336,41.19,-1039,-1645,1143
14:45:27.100 14276,-4140,15760,41.19,1724,1862,-2470
14:45:27.333 -932,1796,11692,41.19,3077,5570,-9964
14:45:27.592 -8408,-1640,14300,41.28,-6860,-1622,-2858
14:45:27.837 -2144,-10460,17304,41.24,-1550,-2769,4190
14:45:28.070 9180,-5452,13948,41.19,3174,-1898,1714
14:45:28.329 8184,-904,10516,41.24,-1437,2959,-5082
14:45:28.563 -7676,-9420,16208,41.24,-2654,-188,-720
14:45:28.822 5452,-3052,14748,41.38,790,-4021,4215
14:45:29.094 12116,-1876,15592,41.42,2356,450,-1386
14:45:29.295 -3668,1552,16520,41.24,-1423,3012,-4543
14:45:29.565 -2020,-2732,18220,41.33,-1261,-2749,4525
14:46:07.188 464,-796,13692,41.66,3274,-1052,771
14:46:07.417 5856,-4464,11952,41.75,-2665,-2679,1999
14:46:07.675 10860,-5660,14028,41.71,-62,756,-1077
14:46:07.907 1568,1964,17556,41.75,-353,2840,-2451
14:46:08.144 5020,-64,16340,41.71,-1138,1844,-2609
14:46:08.402 -36,-3316,10968,41.71,-2684,2470,-625
14:46:08.646 -152,-6452,16624,41.71,-2608,-1391,1043
14:46:08.885 756,-4448,18580,41.85,-2633,-1072,2568
14:46:09.144 9512,-2688,19336,41.66,-1621,-2015,1055
14:46:09.376 -6916,-4296,18380,41.71,852,-409,850
14:46:09.653 1172,-636,19960,41.71,-149,112,-1106
14:46:09.856 -3636,5384,18444,41.71,475,540,-2801
14:46:10.127 -984,296,23540,41.66,1631,-4598,5927
14:46:10.396 9040,-7608,19256,41.71,1717,-1274,682
14:46:10.610 4340,-6132,15396,41.71,-1556,1102,-2188
14:46:10.844 -2632,-2816,19048,41.75,-597,-796,1212
14:46:11.076 5780,-1140,15208,41.75,626,-3923,3175
14:46:11.332 7624,-3404,18624,41.80,855,-590,867
14:46:11.564 5144,-204,16120,41.80,2098,1813,-1879
14:46:11.828 1832,-5224,13816,41.71,-1426,371,-2558
14:46:12.063 -4168,-3820,18160,41.71,-3298,4863,-5745
14:46:12.321 -8020,-2280,18920,41.75,-788,-203,1123
14:46:12.561 12744,624,19364,41.75,-1076,-3639,3337
14:46:12.796 4728,-5616,13116,41.75,175,1681,-5229
14:46:13.055 -8636,-120,19168,41.75,-4309,640,-469
14:46:13.294 3444,-9024,19796,41.66,-328,-3984,3833
14:46:13.529 10892,-4428,13172,41.66,4904,-730,-3299
14:46:13.823 3208,-2948,8784,41.71,754,1046,-3465
14:46:14.025 -308,-2148,13312,41.71,-4706,2062,-1831
14:46:14.295 -4240,-5124,19848,41.75,-2949,311,642
14:46:14.566 4836,-2128,17244,41.71,2285,-1744,1232
14:46:14.756 -964,-2608,18656,41.75,33,2824,-3781
14:46:14.988 -3600,-692,21260,41.71,927,-5820,5249
14:46:15.245 15092,-460,14428,41.75,-900,-1031,2717
14:46:15.480 -2156,-3016,19268,41.85,-708,3922,-6912
14:46:15.740 -6128,-3956,16216,41.80,-2283,1541,-1119
14:46:15.974 14120,-1600,9504,41.75,3063,-3888,3737
14:46:16.215 13328,-2284,10320,41.75,1046,695,-2750
14:46:16.478 2316,668,14524,41.80,-2053,3796,-4357
14:46:16.711 -6248,-5888,23420,41.75,-792,-1717,928
14:46:16.970 6232,-2356,15516,41.80,2648,-2458,2941
14:46:17.203 6680,1856,14140,41.71,-902,-220,-1060
14:46:17.434 -152,-560,17388,41.71,-1905,470,-1419
14:46:17.680 4204,-2704,17364,41.80,-487,-146,-320
14:46:17.968 164,-4148,15472,41.80,798,-251,-137
14:46:18.171 4364,-5352,13448,41.80,416,415,356
14:46:18.441 5616,-1688,15484,41.80,1521,-382,2619
14:46:18.661 12760,2316,19320,41.71,1520,-5,-1974
14:46:18.912 -3104,-1424,13116,41.80,-3485,3183,-3410
14:46:19.152 -3648,-2940,16712,41.61,-1494,-3005,4424
14:46:19.409 16524,-1572,16836,41.71,1490,-1004,103
14:46:19.643 2732,368,14088,41.75,1414,1938,-2648
14:46:19.878 -936,-1832,15452,41.75,-1487,229,-143
14:46:20.136 4108,-5520,16084,41.61,-614,-2138,2266
14:46:20.370 4860,-3420,15100,41.66,331,554,-533
14:46:20.609 5828,-2392,13428,41.66,-1173,-118,691
14:46:20.868 3480,-4412,18248,41.71,-485,-1137,670
14:46:21.102 1952,-4628,15608,41.75,739,108,-623
14:46:21.334 3124,-912,16208,41.75,-1379,-167,-537
14:46:21.598 2636,-2724,17552,41.71,62,-2041,1232
14:46:21.832 3876,-2264,18668,41.71,2277,-1195,390
14:46:22.075 6476,-2424,15656,41.71,-754,-443,287
14:46:22.345 7972,-3008,15716,41.75,-638,909,-1739
14:46:22.614 3076,-2708,18060,41.66,-2551,680,-1819
14:46:22.816 1644,4356,18224,41.71,198,-696,-451
14:46:23.049 2828,-1732,16684,41.80,-445,-1450,102
14:46:23.283 5396,-84,16580,41.71,1951,-1070,432
14:46:23.536 -4776,916,20168,41.71,-2401,461,-103
14:46:23.770 476,-3384,20756,41.66,365,-3891,3232
14:46:24.032 3884,-4020,17240,41.71,-638,-3231,6575
14:46:24.267 10960,-5852,16164,41.75,3218,1755,-4311
14:46:24.525 6652,-4676,11060,41.71,1561,1373,-4006
14:46:24.759 -6148,332,14548,41.75,-1162,1381,-1983
14:46:24.999 6180,-3836,22036,41.71,766,-2727,4088
14:46:25.259 12744,-1544,11324,41.66,308,-1080,820
14:48:09.405 3320,-1380,16896,41.89,-319,-74,-235
14:48:09.639 2756,-2244,16228,41.85,-598,-416,68
14:48:09.900 3420,-2820,16204,41.80,-360,-570,-78
14:48:10.135 4944,-3436,16124,41.80,861,-699,873
14:48:10.371 4328,-1472,13224,41.85,1525,1918,-3182
14:48:10.631 1256,-2236,16196,41.75,56,1735,-3314
14:48:10.865 5388,-2500,17736,41.75,-1922,-3247,4781
14:48:11.123 1360,-1336,16700,41.89,462,1630,-3251
14:48:11.357 -716,-1076,17548,41.85,-4498,-4256,6514
14:48:11.603 9268,-2160,17092,41.80,999,1089,-1139
14:48:11.843 2092,-748,16016,41.80,1777,3067,-5728
14:48:12.102 -828,-1420,17036,41.80,-2880,-5629,7720
14:48:12.336 7504,-3300,17940,41.85,-1063,680,-2047
14:48:12.579 988,-1324,15908,41.75,1552,2522,-5770
14:48:12.850 -4092,-1416,15484,41.75,-2858,-4067,6121
14:48:13.118 8144,-4200,16340,41.75,2612,1905,-3941
14:48:13.322 260,-2304,16472,41.71,950,1468,-4402
14:48:13.558 10292,-4672,16520,41.61,-1301,-3177,3261
14:48:13.817 -5736,-512,16688,41.80,-1935,-2652,3841
14:48:14.054 7672,-3228,14580,41.75,3101,2320,-4747
14:48:14.310 -2460,-1040,15924,41.80,-109,310,-1225
14:48:14.545 14240,-4684,18136,41.71,562,-1684,2693
14:48:14.784 -4124,168,14920,41.66,250,2500,-4514
14:48:15.043 14892,-3332,18116,41.71,212,-1082,1623
14:48:15.278 688,-240,16028,41.66,893,1897,-4130
14:48:15.518 1976,-1080,16864,41.66,653,1960,-3407
14:48:15.777 -4820,-196,15376,41.66,-1757,-2666,3481
14:48:16.011 6468,-3064,17948,41.61,-2778,-5303,6359
14:48:16.250 768,-1868,16476,41.71,-2677,-4292,6443
14:48:16.510 9716,-2008,16000,41.61,795,1016,-3671
14:48:16.785 1736,-1316,15340,41.75,184,3923,-6286
14:48:16.987 -3024,-484,15412,41.57,-1426,-2596,3435
14:48:17.257 8604,-3752,18180,41.61,-3464,-5708,7849
14:48:17.476 3356,-2232,16780,41.66,904,3194,-5568
14:48:17.714 -1776,-900,15832,41.61,-789,-205,-699
14:48:17.975 3404,-2352,16236,41.66,-4087,-6623,9204
14:48:18.209 6880,-2456,15600,41.61,1222,1090,-2167
14:48:18.444 4108,-2076,16372,41.61,916,1542,-2975
14:48:18.705 -2232,-520,15600,41.57,-1567,-1135,1444
14:48:18.938 10332,-4112,17920,41.61,-743,-1550,1691
14:48:19.207 1888,-1816,16132,41.66,1828,2254,-4184
14:48:19.442 -1764,-732,15632,41.57,-2594,-2008,2600
14:48:19.676 8272,-3728,17452,41.57,-1475,-3847,4592
14:48:19.934 3856,-2296,16036,41.52,2391,2698,-5415
14:48:20.168 -1872,-176,14688,41.52,-2620,-1717,2138
14:48:20.425 10464,-4704,17088,41.57,-957,-1134,1345
14:48:20.679 3872,-3028,17724,41.52,3174,684,-2796
14:48:20.950 1720,-1560,15120,41.57,2473,1279,-3151
14:48:21.152 -124,-700,15204,41.52,-3239,-1895,3917
14:48:21.422 6188,-3428,16816,41.61,-1718,-583,664
14:48:21.642 3016,-1876,16180,41.47,3172,1389,-3850
14:48:21.894 -120,-1336,15800,41.52,-2680,-2356,3624
14:48:22.133 7552,-3872,17912,41.52,761,171,-947
14:48:22.367 2132,-1968,16288,41.38,1198,1290,-3192
14:48:22.625 56,-1068,15420,41.47,-1314,-1967,3119
14:48:22.860 6240,-2972,16932,41.52,-852,-281,-243
14:48:23.124 3728,-1304,14660,41.57,2166,1415,-3413
14:48:23.359 2440,-1920,16064,41.38,-3885,-2883,4123
14:48:23.599 5356,-3436,16400,41.42,3136,1208,-3691
14:48:23.859 -396,-980,15320,41.42,-1577,-782,747
14:48:24.092 1144,-1568,15920,41.52,-4639,-2814,4468
14:48:24.325 6856,-3700,17128,41.47,2516,395,-3011
14:48:24.586 -3180,-1232,15892,41.42,817,823,-2469
14:48:24.857 5216,-2664,16376,41.47,-2493,-3298,4318
14:48:25.057 5816,-2772,16388,41.42,754,594,-1614
14:48:25.328 1900,-1860,16320,41.52,2262,2054,-3955
14:48:25.598 -1308,-532,15328,41.42,-1428,-1255,1133
14:48:25.798 5572,-2836,17196,41.38,-3054,-3004,4118
14:48:26.059 7408,-4512,16896,41.38,1443,1455,-3676
14:48:26.293 -1640,-968,15512,41.38,627,1111,-2732
14:48:26.530 1268,-1796,16108,41.38,-1054,-1654,1957
14:48:26.789 9644,-4052,17300,41.28,1057,1000,-1716
14:48:27.035 -3508,-516,15780,41.38,-395,-432,-428
14:48:27.272 1532,-1840,16344,41.33,-2563,-2590,3456
14:48:27.528 1008,-1276,15656,41.33,-468,-907,1058
14:48:38.973 -1552,-948,15488,41.14,75,-1891,752
14:48:39.235 3456,-1852,16548,41.05,-3977,-4182,5697
14:48:39.469 4472,-1812,14984,41.05,2297,2661,-4976
14:48:39.713 -1256,-648,15416,41.09,1061,237,-1978
14:48:39.972 2604,-2384,16388,41.00,-3827,-4071,5829
14:48:40.205 7336,-3912,16292,41.09,3173,1796,-3909
14:48:40.465 -1872,-548,14912,41.14,127,954,-1728
14:48:40.697 6548,-2924,16636,41.14,-3947,-3832,5280
14:48:40.967 2200,-1392,15304,41.14,3394,3299,-6019
14:48:41.240 -216,-624,15552,41.19,-1817,-3016,4125
14:48:41.444 8704,-4032,18196,41.05,788,-144,-630
14:48:41.714 -344,-712,15508,41.05,1135,1859,-3598
14:48:41.916 -2472,-508,15848,41.05,-2687,-2265,2865
14:48:42.175 9232,-4244,18844,41.05,-988,-852,993
14:48:42.396 -336,-788,14704,40.95,-1214,340,-733
14:48:42.635 12028,-4360,18004,41.09,233,116,64
14:48:42.895 -2932,-1188,15916,41.14,-2416,-1035,1427
14:48:43.129 1052,-1600,14916,41.05,2696,2601,-5089
14:48:43.387 9664,-3984,17504,41.09,2238,742,-1792
14:48:43.628 -3492,-600,15536,41.05,-1919,-1863,2099
14:48:43.886 9848,-4196,18836,41.00,-3275,-2913,4450
14:48:44.124 4316,-2628,16112,41.05,3746,2346,-4579
14:48:44.360 -2572,-184,14632,41.09,-2019,-1276,1450
14:48:44.619 6640,-3940,17244,41.05,1276,-540,-33
14:48:44.858 5008,-1192,13880,40.95,605,2267,-4548
14:48:45.092 -2312,-572,15340,40.95,-780,-473,188
14:48:45.335 6512,-2976,16520,41.05,-2479,-2753,3630
14:48:45.604 5204,-2504,16604,41.00,4064,1737,-4286
14:48:45.875 -3240,-232,15296,40.95,-1153,-743,872
14:48:46.077 9144,-4244,18740,41.00,289,-480,137
14:48:46.315 3900,-1360,14656,41.05,2151,2585,-5167
14:48:46.574 -3888,-44,15076,40.91,-2437,-2607,4006
14:48:46.808 7296,-4252,19248,41.05,4836,2530,-4270
14:48:47.046 -2136,-660,15932,41.00,-1212,48,-1087
14:48:47.305 8876,-3876,18068,41.00,-2684,-2081,3181
14:48:47.542 3600,-1504,14648,41.00,2157,2785,-5036
14:48:47.801 -2100,-980,16076,40.95,-2764,-3644,4778
14:48:48.032 7380,-3056,16964,40.91,558,-429,156
14:48:48.268 5036,-2844,16920,40.95,712,2231,-4314
14:48:48.532 -2360,-608,15656,41.09,-1414,-2019,2804
14:48:48.773 9576,-4080,18084,40.91,-661,-1265,1593
14:48:49.006 2396,-1596,15836,41.05,1909,2246,-4500
14:48:49.265 552,-1636,16052,40.95,-3373,-3524,4772
14:48:49.501 6760,-3184,16916,40.91,1912,684,-2420
14:48:49.772 -2344,-268,14960,40.86,-836,750,-1369
14:48:50.041 9920,-4496,18448,40.95,-1397,-754,1124
14:48:50.233 1564,-1568,15180,40.91,1784,2008,-4548
14:48:50.494 4920,-3516,17392,40.95,-2984,-4566,6592
14:48:50.727 5952,-3208,16944,40.86,1312,2867,-5189
14:48:50.962 -2952,-196,14928,40.91,-1661,-1142,337
14:48:51.207 6688,-3344,17748,40.91,-1199,-1460,1683
14:48:51.472 4860,-3236,17320,40.91,20,3776,-5913
14:48:51.706 -4156,788,14628,40.95,-1530,-2667,1994
14:48:51.939 9580,-5084,19020,40.91,-949,-4088,6333
14:48:52.198 3360,-368,12768,40.86,-1590,1878,-5774
14:48:52.431 -1936,-2852,17472,40.95,1779,1411,-4663
14:48:52.688 3812,-3296,17352,40.86,-2566,-4280,6164
14:48:52.927 10320,-632,14000,40.81,1343,211,-574
14:48:53.187 2472,-1428,14648,40.86,-2115,1500,-3370
14:48:53.461 -2640,-668,15864,40.95,568,475,-2012
14:48:53.664 3204,-3416,17664,40.77,-2657,-3844,5014
14:48:53.935 9948,-3552,17148,40.86,2066,-598,-130
14:48:54.206 6688,-4264,17916,40.86,303,2682,-3506
14:48:54.408 -1680,-580,15656,40.86,-231,66,-1153
14:48:54.643 3596,-3544,17812,40.86,-4632,-5520,6648
14:48:54.878 8100,-2188,15388,40.86,1443,2076,-3635
14:48:55.123 -788,-1144,15520,40.91,1787,2926,-5302
14:48:55.381 4108,-1500,15024,40.86,-3169,-3705,5156
14:48:55.616 4216,-2408,16920,40.91,-6778,-722,2013
14:48:55.854 5532,-3832,17892,40.86,5028,788,-3196
14:48:56.113 964,-584,14212,40.86,1744,1729,-3895
14:48:56.353 -1180,240,14492,40.86,-2326,-48,354
14:48:56.586 20,-1388,15712,40.86,-3947,-3144,5828
14:48:56.845 7196,-3152,17096,40.81,-4883,-3341,4577
14:49:17.791 -3152,144,14860,40.67,-1677,-1419,1354
14:49:18.087 3616,-2464,16856,40.62,-3160,-3175,4544
14:49:18.287 5860,-3568,18592,40.58,2086,1326,-3131
14:49:18.560 836,-408,14848,40.53,1930,889,-2768
14:49:18.830 -1496,136,14212,40.67,-2317,-1354,1449
14:49:19.031 6956,-3520,17580,40.62,-4769,-2473,3859
14:49:19.270 5248,-3376,16872,40.58,4235,542,-3086
14:49:19.518 432,-236,14020,40.72,802,1414,-2962
14:49:19.752 164,-1800,16296,40.48,-4116,-2538,4262
14:49:20.010 5584,-4104,18136,40.58,798,183,-896
14:49:20.244 3204,-2140,16068,40.62,3123,1756,-4473
14:49:20.503 -2384,-800,15816,40.62,-3030,-1395,2221
14:49:20.748 7352,-3260,18084,40.67,-4120,-3586,6675
14:49:20.981 7660,-3276,16516,40.48,2473,1579,-3638
14:49:21.215 -3532,520,14544,40.58,579,264,-2754
14:49:21.474 1280,-2712,17792,40.67,-3320,-4445,6773
14:49:21.708 9312,-3908,19036,40.58,1076,697,-969
14:49:21.953 3736,-3052,17060,40.53,2350,4503,-7723
14:49:22.244 -2004,148,14492,40.53,-965,-1732,893
14:49:22.448 3768,-2404,16744,40.58,-6289,-4149,7412
14:49:22.718 9348,-6692,18992,40.48,1783,-287,-498
14:49:22.945 5904,-3084,17304,40.58,5532,2473,-5683
14:49:23.170 -2360,-636,14824,40.62,-615,1139,-2111
14:49:23.434 -144,-1556,15424,40.53,-3260,-3019,5148
14:49:23.673 8884,-4468,18260,40.58,674,-941,1237
14:49:23.907 5408,-2716,15748,40.58,3199,3026,-5571
14:49:24.165 -5380,-572,14396,40.62,-591,-189,-371
14:49:24.413 6264,-4024,17812,40.48,-2727,-3902,5227
14:49:24.664 7104,-2908,15604,40.58,1591,1114,-2781
14:49:24.897 152,-2944,17056,40.58,1952,3203,-6242
14:49:25.135 -2964,-224,15076,40.58,-1960,-2090,2472
14:49:25.396 8304,-3096,16372,40.58,-2740,-1074,3643
14:49:25.630 6564,-3108,15852,40.58,3210,2696,-5337
14:49:25.868 -8272,768,13980,40.58,-1284,-1543,91
14:49:26.127 2916,-3620,18156,40.53,-5315,-5211,7946
14:49:26.404 7848,-2980,15372,40.48,3695,742,-1130
14:49:26.606 3532,-1824,16216,40.62,-2424,2738,-5728
14:49:26.875 -3920,-144,16672,40.58,726,199,-2771
14:49:27.103 2740,-2800,17364,40.62,-4226,-3494,5246
14:49:27.337 10872,-3120,16420,40.58,-462,-3167,5814
14:49:27.595 7576,-3316,16312,40.48,1900,2936,-5930
14:49:27.830 -948,-296,14208,40.53,1540,1842,-4178
14:49:28.069 -4624,1044,14096,40.58,-2873,-2560,4171
14:49:28.327 10944,-2872,17152,40.53,-4025,-2064,4316
14:49:28.585 7000,-2832,17236,40.48,2552,983,-2962
14:49:28.819 4572,-2640,16564,40.58,3361,3745,-6966
14:49:29.053 -4688,-1160,14408,40.58,316,1525,-3616
14:49:29.312 -1516,-1140,16100,40.48,-4468,-4685,7145
14:49:29.551 8120,-4348,19768,40.58,-4722,-3450,6431
14:49:29.808 8488,-4316,16048,40.44,3463,-732,-835
14:49:30.041 3132,-2616,16592,40.44,2842,2743,-6094
14:49:30.318 -2820,-960,15996,40.44,892,1060,-2970
14:49:30.585 -2664,-460,15224,40.53,-4520,-3194,4856
14:49:30.788 6756,-3300,17544,40.48,-1688,-1750,2894
14:49:31.057 8420,-5832,17672,40.48,-1421,-2873,3392
14:49:31.264 6544,-1356,14748,40.53,3705,1214,-5091
14:49:31.524 176,-968,15160,40.44,1430,2358,-4908
14:49:31.757 -1832,-596,14988,40.39,-732,-383,-490
14:49:31.988 -3964,228,14600,40.39,-153,-517,-1342
14:49:32.240 10072,-2860,16000,40.44,-611,-2651,4004
14:49:53.925 1728,-2300,16964,40.25,-1136,-2733,2884
14:49:54.184 6740,-2668,15660,40.34,2589,4060,-7484
14:49:54.419 -3540,-132,15356,40.25,-272,-158,-1354
14:49:54.678 7400,-3204,16248,40.29,-3468,-4312,7193
14:49:54.946 6904,-3172,16912,40.25,1821,2551,-4668
14:49:55.149 -7568,120,14584,40.20,-2524,-2054,2037
14:49:55.419 12580,-3648,17116,40.29,-2729,-3843,6920
14:49:55.689 3468,-2168,16760,40.25,3871,3634,-6379
14:49:55.909 -2456,-648,15604,40.25,-1059,-390,-776
14:49:56.143 10448,-2424,15452,40.25,-3099,-3514,6007
14:49:56.401 2572,-2896,16204,40.29,3813,5207,-8920
14:49:56.635 -6004,-448,14532,40.25,-2074,-3494,4996
14:49:56.894 14948,-4892,17476,40.34,-2162,-1653,3936
14:49:57.128 2940,-3276,17328,40.20,3216,5134,-8463
14:49:57.363 -4192,136,14960,40.20,-2906,-2570,4493
14:49:57.621 13612,-6388,17728,40.29,-351,-1605,3354
14:49:57.865 1156,-2456,17388,40.20,2438,4910,-8140
14:49:58.124 -2508,-2524,17608,40.29,-4607,-5587,8497
14:49:58.358 10312,-2552,14160,40.34,3024,456,-2308
14:49:58.592 -5756,-312,15800,40.15,356,542,-2676
14:49:58.851 -4056,-4196,19912,40.25,-3034,-5377,8976
14:49:59.113 9476,-1668,15596,40.20,724,212,-1900
14:49:59.386 988,-2756,18760,40.20,1424,3740,-5944
14:49:59.588 -1004,56,15244,40.25,-965,-1313,1399
14:49:59.838 7628,-4232,17960,40.25,-2127,-3497,4873
14:50:00.070 6072,-2672,16160,40.15,2544,2171,-5328
14:50:00.328 -1552,-1136,15500,40.20,430,297,-2372
14:50:00.562 2980,-2316,16868,40.15,-3845,-4078,5676
14:50:00.796 8708,-5460,18740,40.11,-1717,28,745
14:50:01.054 5472,-2560,15504,40.20,6936,1475,-5429
14:50:01.288 1100,640,14460,40.25,1940,1529,-3340
14:50:01.547 -748,-1080,15768,40.29,-3517,-2309,4089
14:50:01.783 8052,-2468,16432,40.20,-4520,-1902,4550
14:50:02.017 7336,-5116,20036,40.29,3053,620,-3034
14:50:02.275 1712,-1280,16412,40.20,2024,1486,-4747
14:50:02.510 -2188,-612,15596,40.34,-825,-458,-182
14:50:02.768 548,-2188,16056,40.29,-5352,-4991,7856
14:50:03.055 9464,-4720,16256,40.25,-2347,-2160,5098
14:50:03.258 8448,-3956,17100,40.25,3325,2479,-4957
14:50:03.528 1072,-2440,17356,40.25,2479,3019,-7214
14:50:03.730 -2944,-116,15344,40.20,-169,-136,-1556
14:50:03.998 -300,-2192,16308,40.25,-3470,-5326,7973
14:50:04.218 10688,-3848,18320,40.34,-44,91,550
14:50:04.478 4168,-2728,16168,40.20,2575,4400,-8025
14:50:04.717 -3496,-88,14968,40.25,1457,890,-3422
14:50:04.949 -1696,-616,15396,40.25,-1896,-3500,4940
14:50:05.208 7836,-3244,17556,40.29,-5082,-3738,6410
14:50:05.448 5408,-2572,16260,40.15,3454,4258,-7274
14:50:05.707 -1208,-328,14600,40.20,613,757,-3170
14:50:05.942 3424,-3144,17032,40.25,-4212,-6387,8723
14:50:06.180 10364,-4136,16780,40.25,1157,1073,-1789
14:50:06.440 5392,-3864,17552,40.25,3586,4613,-8471
14:50:06.671 -4256,-792,15820,40.25,198,570,-3680
14:50:06.931 -2432,-596,15848,40.25,-2245,-3088,5310
14:50:07.158 7264,-2496,16468,40.25,-5823,-4399,6572
14:50:07.427 10192,-4536,20712,40.25,530,9,-712
14:50:07.697 4796,-2284,14868,40.29,6131,2871,-6529
14:50:07.900 -476,-724,14632,40.25,3100,1316,-5074
14:50:08.135 -1716,-668,15560,40.20,-936,163,-876
14:50:08.391 -4548,-724,14644,40.20,-2466,-2230,4416
14:50:08.626 264,-1916,15892,40.29,-3506,-2933,5871
14:50:08.872 7316,-1704,18312,40.29,-6143,-5651,9541
14:50:09.111 8916,-3616,16320,40.20,2229,1152,-2419
14:50:09.364 1440,-2344,17108,40.15,1024,3793,-6842
14:50:09.624 -2272,-284,14332,40.11,699,-191,-2189
14:50:09.858 -2132,-1532,16700,40.25,-2722,-3888,5724
14:50:10.116 6736,-3008,16680,40.15,-2478,-4311,6498
14:50:10.351 10580,-3500,17384,40.25,-2653,-1577,2556
14:50:10.593 8500,-3776,16860,40.29,2738,2010,-4817
14:50:10.852 2420,-3044,17988,40.20,1970,2464,-6264
14:50:11.086 -1964,-1100,16396,40.20,1543,1635,-5580
14:50:11.330 -3620,-104,14536,40.29,-2808,-2433,4179
14:50:11.600 6472,-2300,16564,40.20,-4013,-5257,7422
14:50:11.870 7944,-3496,17044,40.20,1780,2179,-3417
14:50:12.072 1140,-2436,17104,40.29,2048,2710,-6173
14:50:12.317 -3092,-700,15764,40.25,937,364,-4564
14:50:30.124 3192,-2360,16292,40.11,-381,-392,-112
14:50:30.383 3180,-2452,16460,40.29,-244,-326,-206
14:50:30.617 3056,-2252,16432,40.20,-282,-382,-167
14:50:30.851 1380,-3124,17256,40.15,-408,177,-1905
14:50:31.095 -4132,64,15444,40.25,-33,-642,-514
14:50:31.354 7676,-3100,16944,40.15,-1936,-5659,7800
14:50:31.588 7440,-3120,17260,40.25,97,2731,-3949
14:50:31.874 -972,-1204,15700,40.15,1424,2385,-5199
14:50:32.077 -4928,-444,15952,40.20,-1615,-3033,4043
14:50:32.347 10796,-3532,17052,40.20,-861,-1606,2070
14:50:32.571 2788,-1816,15312,40.20,2269,3323,-5921
14:50:32.827 -1816,-860,15884,40.15,-419,-172,-8
14:50:33.061 2856,-2400,16884,40.20,-2649,-5260,6263
14:50:33.294 9348,-3320,16596,40.11,1039,1540,-2096
14:50:33.553 252,-2340,16688,40.15,984,2269,-5355
14:50:33.806 -3232,-436,15804,40.15,-1981,-2533,4478
14:50:34.041 9656,-4032,17824,40.06,-1745,-5183,6185
14:50:34.274 7100,-3196,16016,40.20,55,2870,-4640
14:50:34.533 -284,-1796,18028,40.15,1846,2470,-4845
14:50:34.767 -4244,-384,15280,40.11,-1913,-2112,2581
14:50:35.011 11300,-3232,16160,40.20,-169,-1902,3840
14:50:35.270 6736,-2432,15828,40.11,-560,2233,-4670
14:50:35.506 -1336,-1568,17316,40.20,1712,1682,-4862
14:50:35.764 -4804,-1956,17972,40.20,-3713,-3901,6726
14:50:36.038 7632,-1140,13556,40.15,762,613,-3522
14:50:36.241 3924,-5016,19688,40.06,-196,4882,-5691
14:50:36.511 -1988,-552,15740,40.15,549,-177,-2442
14:50:36.730 -7644,-2588,18420,40.11,-1975,-3489,6109
14:50:36.989 6264,-1700,14632,40.20,291,-582,718
14:50:37.218 5140,-2868,16012,40.20,-353,3069,-5185
14:50:37.471 -1592,-736,15428,40.15,1545,916,-3624
14:50:37.704 -116,-408,15088,40.11,-1027,-922,109
14:50:37.967 4512,-2824,16564,40.25,-1924,-4370,6530
14:50:38.201 8524,-3648,15964,40.06,6,-1417,1947
14:50:38.440 7044,-2228,15432,40.11,-122,1062,-2320
14:50:38.699 2848,-2376,16288,40.15,1674,2236,-4435
14:50:38.930 -544,-516,16260,40.20,106,87,-824
14:50:39.163 324,-588,15168,40.11,-2594,-1145,1917
14:50:39.422 4760,-2312,16652,40.11,-2335,-4239,5803
14:50:39.657 8136,-3264,16976,40.11,-2164,-1692,3172
14:50:39.915 5000,-3068,17252,40.20,-1494,-1296,1612
14:50:40.185 4680,-2500,16660,40.11,-3549,88,-322
14:50:40.388 11060,-4068,17532,40.11,-151,651,65
14:50:40.658 8504,-3892,17252,40.15,-746,-1662,1676
14:50:40.880 3676,-2812,16840,40.20,-2079,995,-1506
14:50:41.140 5376,-3776,17840,40.15,-1533,734,-1558
14:50:41.389 4616,-2600,16712,40.20,1891,1794,-4238
14:50:41.623 3876,-2496,15880,40.25,5298,488,-2972
14:50:41.872 4180,-2948,16848,40.15,3339,1393,-4116
14:50:42.105 -268,-836,16216,40.11,697,636,-1837
14:50:42.339 -124,-804,15024,40.11,668,56,-1068
14:50:42.594 -860,-1060,15648,40.15,-1243,-1355,1801
14:50:42.834 -812,-600,14892,40.25,-1201,-1144,2928
14:50:43.093 -1196,-1080,15344,40.11,-2915,-2519,4785
14:50:43.327 4560,-3280,17528,40.11,-3146,-4364,6357
14:50:43.583 9588,-4380,16708,40.11,-2680,-3280,5375
14:50:43.819 8924,-3764,16616,40.15,1873,450,-159
14:50:44.086 6236,-2036,14536,40.20,-916,1787,-4060
14:50:44.355 4288,-3812,17484,40.15,-39,3261,-5005
14:50:44.558 -2612,-1648,16992,40.11,2267,841,-3751
14:50:44.820 640,-924,15532,40.11,-337,-356,178
14:50:45.043 216,-828,15876,40.20,-2132,-3005,3502
14:50:45.279 4556,-2616,16760,40.11,-1530,-3570,5018
14:50:45.538 8392,-3920,18368,40.20,-1874,-2492,4044
14:50:45.779 5440,-3704,17420,40.20,897,671,-3189
14:50:46.014 6104,-3468,17468,40.20,2040,399,-2963
14:50:46.272 9052,-4040,17332,40.01,2194,1974,-4329
14:50:46.509 3544,-2604,17136,40.15,2891,3242,-5429
14:50:46.743 -628,-956,15108,40.01,1300,2231,-4158
14:50:47.002 -3800,-716,15280,40.20,-2659,-3087,4453
14:50:47.244 4900,-2656,17136,40.20,-1725,-2906,4283
14:50:47.503 7200,-3352,18708,40.11,-5401,-2502,4049
14:50:47.739 7616,-3716,17572,40.11,3045,849,-3913
14:50:47.972 4868,-2416,16124,40.15,1125,1202,-3459
14:50:48.259 8448,-3604,16880,40.01,1450,1204,-3829
14:50:48.462 2224,-2024,16228,40.15,2166,4272,-6605