14:19:19.442 -2952,-5968,16120,35.07,-841,-637,646
14:19:19.673 3972,-4968,14692,35.17,-489,-3293,3768
14:19:19.905 11392,-4732,17280,35.12,-739,1666,-3277
14:19:20.162 -5168,-1868,15304,35.02,28,599,-1792
14:19:20.397 1928,-6624,16008,35.12,-1262,-2410,1964
14:19:20.637 7212,-916,16148,35.12,-1045,375,-2014
14:19:20.896 -1744,-1828,14500,35.12,69,344,-2983
14:19:21.135 1196,-1268,17800,35.12,731,-1524,-141
14:19:21.368 7124,-4796,15752,35.21,1691,-135,-2157
14:19:21.626 276,-1228,14368,35.21,1050,633,-3141
14:19:21.861 1020,-1756,15212,35.12,-1703,-1882,1377
14:19:22.100 8408,-2140,17848,35.21,-415,-15,-1668
14:19:22.363 -144,-3028,14948,35.07,721,46,-1446
14:19:22.598 848,-468,17300,35.21,-688,-2149,1751
14:19:22.832 8640,-2020,16684,35.02,-1659,-1307,1315
14:19:23.108 2832,1648,15456,35.21,747,2160,-3882
14:19:23.377 -2976,-2056,14384,35.17,-425,-472,-25
14:19:23.580 6988,1320,18176,35.17,-1158,-967,1771
14:19:23.807 7408,-2080,14648,35.26,482,77,-845
14:19:24.066 2008,2004,15316,35.12,-306,2139,-3068
14:19:24.297 640,-56,16416,35.21,-1516,-1395,1845
14:19:24.534 7824,-4460,14676,35.17,-143,550,-271
14:19:24.792 2636,-732,15524,35.17,1165,1427,-2313
14:19:25.024 -1312,108,15664,35.21,-1714,-871,366
14:19:25.284 2860,-260,15776,35.21,-1609,-2136,1969
14:19:25.517 6392,-3708,16640,35.26,535,-609,287
14:19:25.751 2708,-588,15084,35.21,1759,-652,-1432
14:19:26.009 1340,-1280,13840,35.21,-173,-1455,640
14:19:26.255 5100,1540,15904,35.21,-1601,-700,215
14:19:26.493 3468,-648,17136,35.21,-372,580,-1260
14:19:26.727 2892,-2748,15968,35.26,257,-314,-346
14:19:27.003 2840,-1528,14540,35.17,-108,-996,474
14:19:27.206 3644,-4716,14036,35.21,450,-720,466
14:19:27.476 4796,-3996,14484,35.17,-500,386,-711
14:19:27.745 1228,-3020,15460,35.12,-694,183,-1265
14:19:27.933 2108,-1720,16968,35.12,-611,-623,340
14:19:28.192 5068,-2148,15624,35.12,432,-86,-1333
14:19:28.426 2504,-2708,15124,35.17,-382,-101,-831
14:19:28.688 4056,-3744,15672,35.12,-750,-1629,1038
14:19:28.922 3236,-3724,15492,35.17,-508,976,-2011
14:19:29.157 248,-2176,15772,35.07,-132,-850,119
14:19:29.398 4356,-3856,14556,35.12,-734,-413,-673
14:19:29.655 3720,-4656,15804,35.17,56,46,-899
14:19:29.889 464,-4004,14164,35.17,-1027,-1362,233
14:19:30.145 2216,-4212,14592,35.17,1014,-756,-994
14:19:30.378 3484,-172,15384,35.17,-2023,-1910,1741
14:19:30.635 3376,-1212,14752,35.17,-1764,-461,-138
14:19:30.874 3640,-1092,17368,35.26,-972,-1050,371
14:19:31.099 3752,-3408,15168,35.26,726,-670,-114
14:19:31.370 3564,-92,15744,35.21,-240,-1074,1016
14:19:31.640 8416,-656,14660,35.17,-726,-335,237
14:19:31.842 3376,-2108,15500,35.21,-937,316,-550
14:19:32.079 6212,-2448,14924,35.17,1532,-1733,2694
14:19:32.318 8560,-868,14204,35.17,-1181,-234,243
14:19:32.578 2932,-1704,13876,35.12,-949,827,-621
14:19:32.814 3364,-5488,15908,35.21,-666,-807,2087
14:19:33.048 5888,-1744,15112,35.12,-376,-504,786
14:19:33.282 2316,-3728,14428,35.12,220,116,155
14:19:33.541 1540,-4436,14640,35.21,-1842,-86,82
14:19:33.779 1680,-3508,16844,35.17,-1665,42,-555
14:19:34.012 -380,-4280,16136,35.12,-269,-963,299
14:19:34.271 5888,-3840,15840,35.12,939,-2418,1195
14:19:34.504 6420,-1552,15852,35.21,-1041,1008,-3451
14:19:34.763 -1884,-2684,16552,35.17,-2069,900,-2045
14:19:34.999 892,-3620,16620,35.21,-1178,-2454,1973
14:19:35.271 9732,-5400,14892,35.17,-381,419,-939
14:19:35.541 2808,-3300,14376,35.12,612,1519,-3257
14:19:35.744 508,-3280,16052,35.21,-1231,-1751,2101
14:19:36.015 6684,-5196,15164,35.12,221,-156,-395
14:19:36.209 5568,-876,15840,35.17,552,932,-1161
14:19:36.470 1620,-1252,13484,35.17,-59,263,-676
14:19:36.707 4636,-172,16660,35.31,-1271,-1205,945
14:19:36.943 3756,-1088,16000,35.12,389,176,-773
14:19:37.201 1968,820,15900,35.17,-1006,-1575,1284
14:19:37.434 7484,760,15908,35.26,-610,-651,-456
14:19:37.672 1664,956,16964,35.21,-420,1038,-2304
14:19:37.905 96,1732,15272,35.07,509,-1374,753
14:19:38.141 3716,800,15164,35.26,389,-1824,257
14:22:32.820 136,-3036,16252,35.12,-396,1911,-2882
14:22:33.087 -1840,-2700,16508,35.12,-112,-1044,541
14:22:33.327 3332,-2300,15724,35.17,598,-934,487
14:22:33.561 2096,-176,15356,35.12,716,-299,-499
14:22:33.795 1256,-1928,14236,35.21,-831,-1307,1208
14:22:34.054 6132,-2640,15860,35.17,-428,-576,414
14:22:34.291 3348,-832,15908,35.17,675,-207,-727
14:22:34.526 4464,1148,16252,35.21,-553,-482,155
14:22:34.765 2224,-1448,15808,35.12,-785,542,-1339
14:22:35.024 3584,-3152,16784,35.17,-1080,-1495,1546
14:22:35.258 3548,-2096,16396,35.26,589,-50,-1259
14:22:35.519 1592,-2748,15844,35.07,699,-104,-994
14:22:35.789 2876,-1716,15252,35.17,207,-1795,1760
14:22:35.992 5272,-2320,14692,35.21,-1166,457,-902
14:22:36.235 1128,-1140,17612,35.31,-1864,-360,-25
14:22:36.493 1116,-2764,15400,35.21,-119,-1959,1646
14:22:36.727 4472,-2756,14756,35.26,-223,-818,167
14:22:36.949 4444,-728,15756,35.26,280,-402,-19
14:22:37.211 2912,-3008,17140,35.26,-3404,-113,-988
14:22:37.444 1856,-5876,16936,35.21,-85,-645,429
14:22:37.708 2656,-3532,17620,35.21,1029,-261,-323
14:22:37.942 3740,-4200,16972,35.31,547,-2201,1876
14:22:38.181 9852,-2304,11804,35.35,2608,614,-1536
14:22:38.440 -1720,-2852,12180,35.31,-241,2525,-4638
14:22:38.674 428,-3076,16456,35.26,-2425,-3096,3985
14:22:38.933 13440,-3860,16768,35.31,-326,-1192,908
14:22:39.171 1148,-588,15016,35.35,2591,3080,-5435
14:22:39.410 -5716,184,14988,35.31,-1817,-1455,1054
14:22:39.688 7184,-4820,13320,35.35,-1194,-2902,3245
14:22:39.890 8424,-3084,15808,35.26,-768,984,-2867
14:22:40.160 -1580,-6184,15216,35.35,-913,1221,-3234
14:22:40.396 -428,-2416,17124,35.35,651,-2038,988
14:22:40.635 5456,-248,15872,35.31,345,-1801,188
14:22:40.867 5616,-232,15064,35.31,-337,-657,-813
14:22:41.126 7164,-1016,15520,35.40,-1391,-348,-151
14:22:41.359 6580,76,17452,35.45,-109,363,-756
14:22:41.593 4260,564,15776,35.35,2093,-220,-1029
14:22:41.852 4220,3176,15328,35.35,-747,-272,545
14:22:42.095 4584,-1308,14748,35.40,-1560,-227,1647
14:22:42.331 3520,-1132,19316,35.45,-2171,-1512,2732
14:22:42.588 8848,-2692,11064,35.45,615,1436,-464
14:22:42.823 -632,-2792,12088,35.45,697,654,-1273
14:22:43.056 7824,2544,24020,35.40,715,-838,-120
14:22:43.302 24,1904,10048,35.35,-2401,-435,2115
14:22:43.585 3724,-3124,15764,35.45,-2409,-1270,232
14:22:43.788 5196,-6612,18876,35.31,2530,594,-1449
14:22:44.058 2564,420,15264,35.45,149,-1279,1758
14:22:44.328 9484,-268,15900,35.40,136,-1058,384
14:22:44.531 4016,-3880,15776,35.49,37,803,-1329
14:22:44.763 488,-4180,15396,35.40,-1521,-349,-46
14:22:45.001 4376,-4080,17328,35.40,-1024,-1372,1507
14:22:45.260 6020,-6008,16116,35.45,-108,-151,-341
14:22:45.492 -216,-5692,16092,35.45,602,404,-1509
14:22:45.728 -1116,-5568,14208,35.49,1114,-3232,3640
14:22:45.986 16012,-5736,13084,35.40,-3171,-1502,2562
14:22:46.221 2744,-6340,17116,35.45,1468,2382,-3619
14:22:46.486 768,-4380,15664,35.54,-1067,-1882,2643
14:22:46.720 4488,-9200,20340,35.40,-1878,-3456,4278
14:22:46.979 17012,-8008,11760,35.45,441,792,-1251
14:22:47.215 5000,-7336,12612,35.54,-390,3417,-5289
14:22:47.449 -7548,-8120,13984,35.49,-2108,676,-1496
14:22:47.743 5900,-6408,15920,35.45,-1753,-2769,5446
14:22:47.945 9640,-7060,16048,35.45,2675,3881,-4585
14:22:48.216 -3396,-7804,14400,35.45,2059,2475,-3940
14:22:48.485 -3688,-4988,14792,35.40,1095,-1788,940
14:22:48.692 2444,-4448,13980,35.31,629,-1015,-152
14:22:48.927 1904,-4168,16108,35.45,-309,-625,315
14:22:49.161 7224,-5264,12744,35.35,1314,575,-2074
14:22:49.425 -468,-2480,13348,35.49,-805,333,-1371
14:22:49.651 1640,-1152,15276,35.45,-2410,-1137,1281
14:22:49.910 5996,-2324,16532,35.45,491,-546,-220
14:22:50.143 4376,-1120,16752,35.45,1578,1329,-2711
14:22:50.403 -3508,-1136,14868,35.49,-588,-814,619
14:39:59.156 8748,-10700,11868,44.29,1405,4111,-4495
14:39:59.389 -2504,-3696,7220,44.25,1850,2395,-4337
14:39:59.649 -3116,-7572,8260,44.29,-3633,-158,2061
14:39:59.881 5356,-15068,16676,44.39,-3148,-669,3039
14:40:00.126 2504,-4684,16680,44.29,3377,1114,-4074
14:40:00.386 -3984,4304,22112,44.29,853,-4229,3205
14:40:00.618 8512,-12864,7188,44.44,1663,-3074,3515
14:40:00.879 12016,1360,15016,44.29,2636,4869,-7269
14:40:01.104 -7948,-88,12124,44.29,2425,1988,-7432
14:40:01.374 -8140,-10024,10208,44.34,-5558,-3655,5578
14:40:01.644 5068,-4732,17328,44.34,-2375,-2549,2412
14:40:01.846 7792,10440,32296,44.34,2318,-818,-71
14:40:02.095 -1332,-7328,12164,44.34,3704,1043,-2079
14:40:02.354 -1508,2208,17604,44.34,258,-4124,3019
14:40:02.585 11792,-6912,16012,44.29,-1944,-2084,4598
14:40:02.841 11240,280,14612,44.34,-1651,2602,-2741
14:40:03.079 -5032,-2684,20040,44.25,-3103,316,-2335
14:40:03.326 -76,-4540,15732,44.34,3885,-3103,1179
14:40:03.559 6348,-1332,20300,44.25,-2971,-1433,1022
14:40:03.840 4916,-468,11320,44.29,2590,-137,-1852
14:40:04.051 -4212,-7584,11756,44.34,1344,-798,-524
14:40:04.310 1124,-10784,15804,44.29,-3896,-4532,4779
14:40:04.549 12240,-8140,9548,44.34,5112,-17,-862
14:40:04.785 1552,5056,13480,44.25,656,1753,-2636
14:40:05.043 -964,412,19624,44.29,-3697,-2533,676
14:40:05.323 2788,-3452,19332,44.29,-4230,-1889,2803
14:40:05.527 792,-11860,15204,44.29,-2112,-363,278
14:40:05.797 780,-1868,21388,44.25,3650,-2772,-389
14:40:06.000 4064,608,12584,44.29,5625,-3303,2142
14:40:06.256 4640,7332,20848,44.25,-2524,-1882,1500
14:40:06.502 10708,-4160,10292,44.20,-2047,4119,-4411
14:40:06.760 -2092,6460,18976,44.25,-285,3604,-7340
14:40:06.995 -11084,-3580,21696,44.29,-5146,-3073,4264
14:40:07.228 5656,340,22500,44.25,1856,-3267,4021
14:40:07.493 14828,-7056,14868,44.20,2802,-1491,2295
14:40:07.732 768,5392,16188,44.20,4594,3739,-6702
14:40:07.966 -5612,-704,16092,44.29,-192,-1520,1458
14:40:08.225 4636,-2380,14852,44.25,2687,-4044,7155
14:40:08.457 14496,-4044,14412,44.25,-287,-1549,-1097
14:40:08.716 2680,2840,18424,44.15,2885,3252,-5293
14:40:08.961 -2820,3608,17460,44.29,2097,631,-548
14:40:09.196 6128,980,13484,44.20,946,-1796,1613
14:40:09.432 9640,328,11120,44.20,-3901,356,-996
14:40:09.702 604,992,14384,44.25,-4572,1145,-2375
14:40:09.972 1548,1372,19780,44.29,-3609,84,-273
14:40:10.180 4264,-1500,19072,44.15,-2154,-2419,2393
14:40:10.417 9572,-2796,18476,44.25,-55,433,-727
14:40:10.651 1012,-40,16552,44.25,1105,240,-2525
14:40:10.885 2104,0,15020,44.20,-361,-706,260
14:40:11.144 3572,132,17100,44.15,-1405,1180,-1440
14:40:11.377 -2132,1232,17584,44.20,-520,-605,439
14:40:11.622 3824,-3712,18076,44.29,199,-3810,4503
14:40:11.862 11536,-964,17152,44.29,27,153,-759
14:40:12.096 484,-1420,15616,44.20,-1051,1576,-2908
14:40:12.355 2256,-3464,16572,44.20,-726,-1580,1291
14:40:12.588 7692,1336,18536,44.15,-969,-1919,1892
14:40:12.852 8428,-1852,19280,44.20,-3584,-3,-1322
14:40:13.086 1980,-9932,9500,44.15,-161,2821,-3102
14:40:13.367 -1556,-1636,14904,44.15,-2473,217,-372
14:40:13.569 1496,-6420,17564,44.20,-2180,-2635,3185
14:40:13.840 9652,-4732,16896,44.11,1142,-1360,954
14:40:14.108 1976,-4352,13080,44.15,494,1117,-2177
14:40:14.316 100,-6864,15004,44.20,-754,-719,1114
14:40:14.550 -608,-6680,15772,44.15,-828,-848,307
14:40:14.790 1216,-6064,16072,44.25,1023,-2402,2505
14:40:15.046 6568,-5376,15124,44.15,214,-1062,342
14:40:15.282 8668,-5704,15920,44.15,-1645,605,-1480
14:40:15.538 2792,-2760,13856,44.29,-2380,3598,-3941
14:40:15.771 612,-6908,13896,44.20,-933,-2445,2363
14:40:16.005 5492,-6156,15388,44.25,599,146,-1048
14:41:20.899 2916,-3736,15276,43.92,2216,-1590,774
14:41:21.159 3616,-960,12952,43.92,387,-249,-178
14:41:21.395 6924,1080,15864,43.97,-357,-271,-919
14:41:21.628 1884,-124,16508,43.92,1577,185,-2097
14:41:21.886 1052,-5784,11588,43.92,-358,-35,-748
14:41:22.126 -4644,2228,21084,43.97,-2840,-1426,442
14:41:22.383 9548,-3932,19128,43.97,1856,-3862,4869
14:41:22.618 12496,-8788,12724,43.82,2216,737,-3417
14:41:22.851 -4540,-5352,10932,43.87,3662,2122,-4379
14:41:23.138 -412,3460,19792,43.97,-2494,-1721,3504
14:41:23.342 9820,-4704,16192,43.82,-1089,205,2152
14:41:23.610 10200,6780,20064,43.92,-279,1989,-4337
14:41:23.880 -7696,-6236,17500,43.87,-2769,672,-1178
14:41:24.095 -1564,-11004,14628,43.87,-1228,-3821,4641
14:41:24.329 11552,-7152,16020,43.92,2343,-1150,-406
14:41:24.582 4812,-3988,13832,43.92,1712,1564,-3414
14:41:24.817 -1860,16,15576,43.87,-765,112,83
14:41:25.055 -456,-2688,15440,43.87,-2118,-1980,1617
14:41:25.312 5768,-4828,15688,43.87,873,-2070,2148
14:41:25.548 8832,168,14752,43.87,-1600,716,-597
14:41:25.789 -516,2560,18600,43.82,-99,1936,-3116
14:41:26.046 -2092,232,17160,43.78,-2315,770,246
14:41:26.281 9276,-2272,16264,43.82,-2560,-545,2084
14:41:26.519 11928,784,18552,43.92,-1737,1722,-514
14:41:26.778 2640,-3256,15780,43.92,2167,687,-2968
14:41:27.010 792,-4296,12016,43.97,-520,-1597,1235
14:41:27.286 5800,-4332,16064,43.87,-1599,-1700,857
14:41:27.556 3088,-308,17264,43.87,-1029,-248,-705
14:41:27.757 3232,-1036,19348,43.87,-17,-1161,1554
14:41:27.989 6212,-5404,16864,43.87,1235,-1075,-432
14:41:28.245 2848,-3972,16492,43.82,-1045,236,-766
14:41:28.473 -992,956,19852,43.92,-1164,-22,-1657
14:41:28.732 1312,-3424,15560,43.87,-2273,-2395,2891
14:41:28.966 6220,-1288,16772,43.87,2217,-2582,1613
14:41:29.224 6800,-1888,15996,43.87,-2603,-143,-444
14:41:29.463 4756,-7864,13176,43.82,-2046,-3,346
14:41:29.703 1744,-1724,19144,43.82,-1627,-189,-1193
14:41:29.962 5004,-5244,20852,43.87,-1032,-1409,1128
14:41:30.194 856,-3920,16236,43.87,-1208,350,-192
14:41:30.430 3376,244,17012,43.82,244,-1122,1615
14:41:30.688 5420,-2828,17000,43.82,-517,-2182,747
14:41:30.905 472,-6236,16448,43.92,448,-481,502
14:41:31.181 2628,-5820,15588,43.82,1464,-2990,2564
14:41:31.451 3976,-5372,16052,43.87,459,-926,300
14:52:26.854 3464,-1784,16576,39.73,-315,-332,-9
14:52:27.131 3176,-1248,16712,39.73,-516,-49,-73
14:52:27.340 2900,-1876,16852,39.73,-633,-306,124
14:52:27.571 3368,-2648,16316,39.68,-405,-508,52
14:52:27.805 1640,-2752,15892,39.68,509,-646,26
14:52:28.064 2832,-2440,15172,39.78,827,-281,-450
14:52:28.300 2992,-2144,15944,39.82,-719,-392,7
14:52:28.535 3524,-1652,16772,39.68,-843,-544,206
14:52:28.772 3608,-1180,16704,39.73,-847,-171,-64
14:52:29.028 2160,-1828,16792,39.73,-701,-420,-53
14:52:29.262 3036,-2532,16152,39.68,-214,-857,530
14:52:29.523 4100,-2864,16024,39.82,357,-744,342
14:52:29.745 3064,-2968,15708,39.68,-397,-166,-678
14:52:30.005 1296,-2572,16168,39.64,-4,-637,165
14:52:30.232 3800,-1580,17140,39.64,-694,-627,554
14:52:30.484 3980,-1304,16216,39.68,-1269,415,-771
14:52:30.754 3800,-1948,17316,39.73,-1197,259,-985
14:52:31.025 2820,-1764,16692,39.64,-653,-757,409
14:52:31.227 2756,-2784,17044,39.68,-20,-1464,1084
14:52:31.461 2800,-3016,16332,39.73,-104,-113,-493
14:52:31.700 4916,-3312,15908,39.73,-589,425,-1077
14:52:31.959 3004,-3092,15924,39.73,788,175,-1383
14:52:32.192 2112,-2992,16012,39.64,425,-821,300
14:52:32.427 4348,-2060,15868,39.68,205,-528,320
14:52:32.667 3348,-820,16488,39.59,-374,156,-656
14:52:32.925 2488,-1544,17188,39.68,-923,-81,-506
14:52:33.163 1372,-1980,16972,39.73,-820,-448,289
14:52:33.398 4008,-2824,16440,39.68,-683,-697,427
14:52:33.655 3916,-2976,15232,39.64,-63,-56,-1092
14:52:33.890 3536,-3084,15984,39.68,223,403,-1972
14:52:34.124 2128,-2576,15984,39.82,-126,424,-1368
14:52:34.381 1456,-2124,15996,39.73,77,-577,3
14:52:34.655 3664,-1472,16844,39.68,-598,-873,1057
14:52:34.855 4216,-1552,17100,39.73,-689,-443,470
14:52:35.126 3592,-2004,16968,39.68,-1216,81,-810
14:52:35.330 2032,-2780,16516,39.64,-627,262,-870
14:52:35.589 2128,-2836,16352,39.82,83,-1179,850
14:52:35.822 3924,-2656,15768,39.82,329,-545,155
14:52:36.063 3888,-2216,15376,39.68,139,-239,-1040
14:52:36.322 2340,-2188,16224,39.68,-27,-190,-588
14:52:36.558 2276,-1584,17028,39.68,-601,-1020,911
14:52:36.792 3028,-1856,17184,39.68,-641,-671,930
14:52:37.039 2704,-1460,16764,39.64,-895,-40,-258
14:52:37.273 2756,-2332,16708,39.78,-949,273,-942
14:52:37.537 2528,-2636,16220,39.68,-74,-378,-102
14:52:37.763 4276,-3412,15992,39.64,204,-537,-8
14:52:37.996 3240,-2804,15604,39.78,79,-271,-798
14:52:38.255 3136,-2240,16448,39.68,-260,174,-1102
14:52:38.489 2704,-1580,16528,39.73,-762,-836,819
14:52:38.733 4292,-1248,16552,39.68,-244,20,-284
14:52:39.003 3252,-2208,16692,39.68,-806,407,-1264
14:52:39.273 1548,-2492,16496,39.68,-682,-675,239
14:52:39.476 2944,-2860,16000,39.68,395,-176,-484
14:52:39.699 3240,-3008,15880,39.73,629,-152,-617
14:52:39.958 2940,-2684,15756,39.78,122,-584,-224
14:52:40.192 2428,-2120,16444,39.64,-168,-1390,1266
14:52:40.421 3476,-2200,16604,39.78,4,-1002,485
14:52:40.682 2372,-1324,17188,39.64,-724,-353,8
14:52:40.915 2184,-2060,16804,39.64,-697,-239,-300
14:52:41.175 4500,-2984,16656,39.78,-59,-1381,912
14:52:41.408 4100,-2820,15652,39.64,-9,298,-1157
14:52:41.653 2892,-2952,16236,39.64,-45,-590,-16
14:52:41.893 4664,-2672,15924,39.64,281,562,-1005
14:52:42.127 3020,-1792,16292,39.68,-125,-358,-265
14:52:42.383 3556,-1672,16976,39.64,-342,-391,-67
14:52:42.616 5080,-1584,16884,39.68,-928,-781,620
14:52:42.905 2544,-2000,16412,39.64,-1251,-322,127
14:52:43.108 1956,-2384,16600,39.64,-1177,-1484,1223
14:52:43.378 1076,-2176,16324,39.68,-813,-767,264
14:52:43.601 3356,-2832,16140,39.64,-320,406,-1081
14:52:43.830 3908,-2864,16156,39.59,41,-1219,845
14:52:44.091 3344,-3180,15796,39.68,37,209,-1636
14:52:44.311 4212,-2704,16132,39.64,-12,-1125,813
14:52:44.572 2108,-2016,16948,39.64,-463,-1239,1144
14:52:44.810 3496,-1012,16600,39.59,-426,356,-1164
14:52:45.045 2244,-1204,16700,39.59,-1061,255,-517
14:53:06.898 2900,-1984,16168,39.73,-180,343,-1322
14:53:07.158 2508,-1460,16824,39.73,-950,-471,38
14:53:07.412 4568,-1672,16660,39.59,-301,-226,-46
14:53:07.683 2916,-2128,16748,39.73,-776,-34,-311
14:53:07.886 3480,-2952,16672,39.68,-747,-789,393
14:53:08.140 3524,-2620,15720,39.64,207,196,-1225
14:53:08.373 2452,-2700,15864,39.64,572,403,-1229
14:53:08.606 2392,-2928,16228,39.73,221,-810,470
14:53:08.844 4184,-2684,16536,39.64,15,-657,507
14:53:09.078 3292,-1404,16908,39.64,-551,27,-366
14:53:09.336 2624,-1784,16620,39.68,-833,-138,-432
14:53:09.575 2388,-2312,16428,39.68,-760,-1049,713
14:53:09.812 4444,-2828,16304,39.64,-414,-564,40
14:53:10.046 3148,-3252,15740,39.54,67,-286,-870
14:53:10.306 1944,-2184,15796,39.68,-79,-960,481
14:53:10.541 4336,-2316,16040,39.68,239,-23,-415
14:53:10.775 3232,-1684,16800,39.64,-405,197,-745
14:53:11.042 1888,-1580,16392,39.68,-1434,-797,612
14:53:11.277 4380,-2176,16476,39.59,-382,-139,145
14:53:11.564 3584,-2396,16228,39.64,-322,-23,-715
14:53:11.766 1924,-2728,16248,39.68,-101,-52,-482
14:53:12.104 3816,-3192,15656,39.64,53,-393,-258
14:53:12.240 2976,-2880,15480,39.64,34,-13,-987
14:53:12.473 2768,-2192,15904,39.73,-480,-918,765
14:53:12.732 3528,-1644,16272,39.64,307,-13,-664
14:53:12.968 2924,-1800,16960,39.68,-623,-211,-650
14:53:13.201 2140,-1596,17052,39.64,-1084,-629,392
14:53:13.457 3844,-2520,16612,39.64,-830,-1024,1020
14:53:13.702 3532,-2480,16104,39.54,-466,-211,-638
14:53:13.940 2744,-2652,16452,39.54,-297,401,-1274
14:53:14.174 2032,-2976,16316,39.59,-37,-852,509
14:53:14.433 3580,-3376,15964,39.49,584,-1296,1470
14:53:14.666 3264,-2116,14756,39.59,405,-117,-787
14:53:14.905 3688,-2216,16344,39.64,-543,-60,-1441
14:53:15.165 -160,-1432,16896,39.54,-377,-2038,2200
14:53:15.402 4864,-656,15808,39.64,-1131,185,-828
14:53:15.663 -340,-1652,17388,39.59,-683,-480,259
14:53:15.933 1908,-2500,17164,39.64,-1532,352,-1050
14:53:16.135 5240,-2696,16540,39.64,211,-1962,2321
14:53:16.390 3212,-1944,14700,39.73,-1482,584,-1580
14:53:16.625 3664,-2876,15728,39.59,-398,467,-1378
14:53:16.864 564,-2708,16412,39.68,410,-87,-1613
14:53:17.105 1980,-2728,16256,39.45,-328,-1876,1426
14:53:17.363 4904,-3476,16392,39.64,978,-1098,734
14:53:17.594 4140,-1812,15296,39.73,-1732,-47,-1246
14:53:17.852 2296,-3344,17236,39.59,-31,-803,-169
14:53:18.086 4364,-1876,17872,39.64,661,-906,1054
14:53:18.325 2736,-1296,17532,39.59,-1839,316,-814
14:53:18.585 2356,-2148,16592,39.64,-584,-998,794
14:53:18.823 3536,-2936,16484,39.54,179,-1383,1177
14:53:19.057 4532,-2876,15720,39.49,283,-416,-209
14:53:19.314 4412,-2920,15336,39.64,-182,24,-1232
14:53:19.548 3180,-3148,15764,39.64,-131,-108,-1138
14:53:19.831 2548,-3124,16328,39.73,-74,-748,320
14:53:20.032 3668,-2372,16344,39.64,686,-665,399
14:53:20.304 3692,-1176,16764,39.64,-537,-265,-29
14:53:20.511 3384,-1484,17176,39.54,-470,277,-833
14:53:20.772 3344,-2024,16712,39.68,-1245,409,-975
14:53:21.006 2268,-2632,16428,39.64,-591,135,-904
14:53:21.246 2616,-2784,16768,39.68,-333,63,-753
14:53:21.481 2424,-3108,16396,39.59,-163,-677,-42
14:53:21.715 2488,-3280,15836,39.54,93,-188,435
14:53:21.976 1044,-2460,17380,39.59,160,-764,1801
14:53:22.210 4156,-2636,18280,39.59,562,-135,714
14:53:22.468 5104,-1324,16180,39.64,-1284,674,-590
14:53:22.713 3556,-2192,17144,39.59,-1540,605,-1523
14:53:22.948 472,-2684,17792,39.64,-899,4,-567
14:53:23.182 2320,-2816,15628,39.64,-190,-1107,-302
14:53:23.415 3812,-2528,15488,39.59,-5,-105,-80
14:53:23.714 604,-2952,15636,39.64,-498,-609,866
14:53:23.917 2480,-2136,16988,39.54,-259,-394,541
14:53:24.188 5232,-2144,17468,39.54,165,-802,687
14:53:24.392 3212,-1700,17012,39.64,121,-1556,1717
14:53:24.649 5752,-1840,14648,39.54,-1335,-71,-264
14:53:24.882 3180,-2960,15812,39.64,-1297,1188,-2330
14:53:25.122 936,-2932,17416,39.49,25,-503,-209
14:53:38.957 3864,-2176,16596,39.59,633,-644,-302
14:53:39.201 2400,-3760,16244,39.64,-375,-1096,253
14:53:39.434 2988,-3276,16056,39.59,1202,-569,-203
14:53:39.693 6212,-3448,15192,39.59,-1063,696,-1760
14:53:39.927 2828,-3868,15948,39.64,327,-1583,-733
14:53:40.174 280,-1620,16740,39.54,-670,-2206,2048
14:53:40.445 6448,-1288,15588,39.49,577,-154,459
14:53:40.714 4216,-1664,17328,39.59,-848,335,-2067
14:53:40.917 1148,-1344,16992,39.54,-288,-544,-421
14:53:41.160 1816,-1844,15528,39.59,-923,-1615,1904
14:53:41.394 7388,-3344,16568,39.49,274,-1130,943
14:53:41.633 4944,-2452,14184,39.45,-713,836,-3086
14:53:41.889 2500,-3332,16772,39.49,312,-1253,-89
14:53:42.123 3936,-3440,15912,39.64,-539,-1420,383
14:53:42.356 5200,-880,14312,39.49,907,73,247
14:53:42.615 2628,-2128,18768,39.68,-816,310,-2222
14:53:42.850 3668,-1352,16760,39.54,-832,308,279
14:53:43.093 3524,-1728,16524,39.54,227,-980,1548
14:53:43.353 5944,-2364,14940,39.54,-1463,1581,-1735
14:53:43.588 768,-2356,19492,39.49,-476,-1702,425
14:53:43.821 -328,-1316,14960,39.54,-431,592,-324
14:53:44.078 2148,-5424,16468,39.59,979,-4451,1660
14:53:44.316 8296,-1452,12672,39.54,-583,529,-3530
14:53:44.585 -1752,-2840,16896,39.49,-1506,443,-1114
14:53:44.855 6712,-2164,13620,39.54,-167,-559,63
14:53:45.039 744,-2356,17192,39.49,-524,-366,266
14:53:45.299 6184,-676,15084,39.49,-409,1318,-1874
14:53:45.532 1228,-2308,18732,39.54,-703,-503,65
14:53:45.779 1128,-1868,15528,39.59,-700,-703,829
14:53:46.018 7344,-2688,14928,39.64,1534,-640,1012
14:53:46.252 2784,-3100,15240,39.49,-384,748,-1999
14:53:46.512 760,-3544,16500,39.59,-74,-506,-600
14:53:46.745 1064,-2828,16828,39.54,515,-473,111
14:53:46.984 4896,-2076,15472,39.54,1593,1354,-1091
14:53:47.240 4200,-2640,16264,39.49,-1870,-177,-874
14:53:47.479 72,-3076,17880,39.45,142,-1480,981
14:53:47.712 6408,-1832,14832,39.45,-519,-465,-44
14:53:47.972 2776,-2324,15812,39.45,-198,721,-2113
14:53:48.214 2336,-2616,16596,39.49,615,-638,489
14:53:48.491 4136,-2652,16668,39.40,-436,-733,363
14:53:48.693 3584,-2192,15740,39.45,-404,237,-463
14:53:48.962 2412,-2496,16788,39.45,-161,-476,-114
14:53:49.166 1212,-3684,16724,39.45,-54,-874,2567
14:53:49.444 5580,-2172,16128,39.54,272,-465,1654
14:53:49.677 5768,-2328,15340,39.49,-341,-1408,-135
14:53:49.919 1408,-1920,15888,39.49,-847,1107,-2538
14:53:50.153 3392,-2268,16096,39.49,-674,361,-1260
14:53:50.391 1700,-2380,16420,39.49,460,-827,-12
14:53:50.650 5072,-3744,16636,39.49,-292,-717,-85
14:53:50.874 3276,-2144,16316,39.40,-253,294,-815
14:53:51.133 2316,-2124,16932,39.45,529,-1030,1525
14:53:51.367 6212,-2156,15352,39.49,244,-887,808
14:54:01.117 5712,-1140,13932,39.40,39,796,-1817
14:54:01.387 436,-2760,18492,39.49,-542,54,-1049
14:54:01.580 -180,-1524,15612,39.31,-696,-382,916
14:54:01.814 7516,-1968,14748,39.35,1232,483,-706
14:54:02.062 1704,-3768,17320,39.45,-1324,1731,-2391
14:54:02.316 2100,-2148,15636,39.45,139,-408,-479
14:54:02.550 1036,-3880,18572,39.31,-119,-1134,4220
14:54:02.808 6344,-2080,14904,39.35,358,-544,-130
14:54:03.042 532,-3040,17312,39.40,-1344,945,-2153
14:54:03.276 5628,-3300,15248,39.45,-348,-1691,-1085
14:54:03.546 -3312,-1284,14564,39.40,-1068,-301,1925
14:54:03.780 2848,-1360,16876,39.40,-549,-329,2578
14:54:04.013 5572,-3376,16644,39.35,1876,-1910,-3
14:54:04.272 1756,-1640,16276,39.49,1198,419,-2203
14:54:04.506 4652,-4524,16384,39.45,-1589,-385,-1175
14:54:04.792 -1612,-1684,16244,39.35,-1765,-2470,3401
14:54:04.994 1864,-3288,19184,39.40,57,-2089,3568
14:54:05.266 5772,-1680,13992,39.35,882,-9,-2061
14:54:05.495 1636,-3032,16440,39.35,-1958,190,-1066
14:54:05.729 6480,-4836,17144,39.45,18,-353,-1492
14:54:05.989 -3260,-1280,18120,39.45,-552,-3655,3141
14:54:06.234 6628,-2632,14920,39.35,1451,229,-1048
14:54:06.474 -460,-2660,16420,39.40,-1299,958,-2018
14:54:06.708 3052,-2700,17368,39.40,-43,-1450,225
14:54:06.954 3360,-1832,15528,39.31,-61,572,-331
14:54:07.188 2136,-2000,15740,39.31,-570,-862,151
14:54:07.438 5048,-2548,15892,39.40,109,-766,469
14:54:07.674 3224,-2800,16516,39.40,-768,309,-1050
14:54:07.938 3060,-2500,16260,39.31,-766,144,-1067
14:54:08.172 1168,-3144,17128,39.45,-530,-322,-184
14:54:08.405 6344,-2764,16236,39.35,-293,-295,-791
14:54:08.643 288,-1848,16180,39.40,56,3,-608
14:54:08.906 1700,-2868,16916,39.45,-839,-1878,2140
14:54:09.176 6916,-2152,16800,39.35,706,-906,1976
14:54:09.377 4920,-2348,16564,39.45,1812,-571,766
14:54:09.630 4640,-1808,15676,39.40,-1038,361,-1584
14:54:09.863 2316,-2600,16812,39.40,-682,818,-2128
14:54:10.122 1828,-2068,16540,39.45,-1251,309,-639
14:54:10.356 4560,-2912,16352,39.49,-136,1556,-899
14:54:10.591 -668,-1856,16432,39.45,-321,-269,23
14:54:10.857 4280,-3644,17088,39.40,-18,-1587,3063
14:54:11.090 6000,-1740,14936,39.45,1471,59,144
14:54:11.330 3308,-1396,14900,39.45,-551,18,-967
14:54:11.563 2236,-2756,16088,39.45,-1301,710,-1929
14:54:11.822 1948,-3048,16816,39.26,-522,-565,-702
14:54:12.056 720,-2276,16556,39.40,-350,590,-570
14:54:12.296 2008,-3540,16892,39.35,-74,-1535,2050
14:54:12.535 7888,-2696,15812,39.35,1228,-1236,988
14:54:12.793 2172,-1652,15784,39.40,-1126,1043,-2787
14:54:13.070 2888,-2880,17552,39.31,-1006,57,-1308
14:54:13.272 5104,-1984,16392,39.45,26,-2047,-1004
14:54:13.543 -1564,-1300,16524,39.31,-151,187,166
14:54:13.763 2592,-1768,17980,39.49,30,-1915,3164
14:54:13.996 6984,-1848,14664,39.49,267,761,-1656
14:54:14.257 2388,-2740,16968,39.35,-706,-958,722
14:54:14.491 3380,-2232,16404,39.35,-189,-467,-222
14:54:14.723 7488,-2580,16476,39.35,808,371,-904
14:54:14.984 432,-1560,15496,39.35,-1154,-395,1764
14:54:15.219 6388,-2464,17940,39.31,362,-1284,986
14:54:15.478 2872,-1872,14924,39.31,-1087,786,-1214
14:54:15.711 2720,-3192,16932,39.45,-1928,809,-1251
14:54:15.946 1668,-2240,16332,39.35,-264,-854,69
14:54:16.205 3960,-3184,16780,39.31,-785,-1952,2387
14:54:16.449 4272,-2440,16196,39.40,773,492,-494
14:54:16.687 1260,-2688,17460,39.35,-605,-60,-330
14:54:16.964 -316,-1736,15812,39.26,-381,-372,78
14:54:17.167 4916,-3008,15660,39.35,117,-1414,501
14:54:17.437 2748,-2840,16428,39.35,-746,-129,-532
14:54:17.705 2280,-2584,16088,39.31,546,-702,-1103
14:54:17.912 480,-1924,15852,39.35,-690,-542,1405
14:54:18.152 4432,-2204,17080,39.26,856,-926,941
14:54:18.386 6164,-3512,15856,39.26,417,-175,-51
14:54:18.620 1104,-2876,16268,39.21,-1807,925,-2468
14:54:18.885 4264,-2664,16784,39.31,-27,-597,-773
14:54:19.115 3252,-2660,16496,39.35,-206,-540,-258