14:54:01.117 5712,-1140,13932,39.40,39,796,-1817
14:54:01.387 436,-2760,18492,39.49,-542,54,-1049
14:54:01.580 -180,-1524,15612,39.31,-696,-382,916
14:54:01.814 7516,-1968,14748,39.35,1232,483,-706
14:54:02.062 1704,-3768,17320,39.45,-1324,1731,-2391
14:54:02.316 2100,-2148,15636,39.45,139,-408,-479
14:54:02.550 1036,-3880,18572,39.31,-119,-1134,4220
14:54:02.808 6344,-2080,14904,39.35,358,-544,-130
14:54:03.042 532,-3040,17312,39.40,-1344,945,-2153
14:54:03.276 5628,-3300,15248,39.45,-348,-1691,-1085
14:54:03.546 -3312,-1284,14564,39.40,-1068,-301,1925
14:54:03.780 2848,-1360,16876,39.40,-549,-329,2578
14:54:04.013 5572,-3376,16644,39.35,1876,-1910,-3
14:54:04.272 1756,-1640,16276,39.49,1198,419,-2203
14:54:04.506 4652,-4524,16384,39.45,-1589,-385,-1175
14:54:04.792 -1612,-1684,16244,39.35,-1765,-2470,3401
14:54:04.994 1864,-3288,19184,39.40,57,-2089,3568
14:54:05.266 5772,-1680,13992,39.35,882,-9,-2061
14:54:05.495 1636,-3032,16440,39.35,-1958,190,-1066
14:54:05.729 6480,-4836,17144,39.45,18,-353,-1492
14:54:05.989 -3260,-1280,18120,39.45,-552,-3655,3141
14:54:06.234 6628,-2632,14920,39.35,1451,229,-1048
14:54:06.474 -460,-2660,16420,39.40,-1299,958,-2018
14:54:06.708 3052,-2700,17368,39.40,-43,-1450,225
14:54:06.954 3360,-1832,15528,39.31,-61,572,-331
14:54:07.188 2136,-2000,15740,39.31,-570,-862,151
14:54:07.438 5048,-2548,15892,39.40,109,-766,469
14:54:07.674 3224,-2800,16516,39.40,-768,309,-1050
14:54:07.938 3060,-2500,16260,39.31,-766,144,-1067
14:54:08.172 1168,-3144,17128,39.45,-530,-322,-184
14:54:08.405 6344,-2764,16236,39.35,-293,-295,-791
14:54:08.643 288,-1848,16180,39.40,56,3,-608
14:54:08.906 1700,-2868,16916,39.45,-839,-1878,2140
14:54:09.176 6916,-2152,16800,39.35,706,-906,1976
14:54:09.377 4920,-2348,16564,39.45,1812,-571,766
14:54:09.630 4640,-1808,15676,39.40,-1038,361,-1584
14:54:09.863 2316,-2600,16812,39.40,-682,818,-2128
14:54:10.122 1828,-2068,16540,39.45,-1251,309,-639
14:54:10.356 4560,-2912,16352,39.49,-136,1556,-899
14:54:10.591 -668,-1856,16432,39.45,-321,-269,23
14:54:10.857 4280,-3644,17088,39.40,-18,-1587,3063
14:54:11.090 6000,-1740,14936,39.45,1471,59,144
14:54:11.330 3308,-1396,14900,39.45,-551,18,-967
14:54:11.563 2236,-2756,16088,39.45,-1301,710,-1929
14:54:11.822 1948,-3048,16816,39.26,-522,-565,-702
14:54:12.056 720,-2276,16556,39.40,-350,590,-570
14:54:12.296 2008,-3540,16892,39.35,-74,-1535,2050
14:54:12.535 7888,-2696,15812,39.35,1228,-1236,988
14:54:12.793 2172,-1652,15784,39.40,-1126,1043,-2787
14:54:13.070 2888,-2880,17552,39.31,-1006,57,-1308
14:54:13.272 5104,-1984,16392,39.45,26,-2047,-1004
14:54:13.543 -1564,-1300,16524,39.31,-151,187,166
14:54:13.763 2592,-1768,17980,39.49,30,-1915,3164
14:54:13.996 6984,-1848,14664,39.49,267,761,-1656
14:54:14.257 2388,-2740,16968,39.35,-706,-958,722
14:54:14.491 3380,-2232,16404,39.35,-189,-467,-222
14:54:14.723 7488,-2580,16476,39.35,808,371,-904
14:54:14.984 432,-1560,15496,39.35,-1154,-395,1764
14:54:15.219 6388,-2464,17940,39.31,362,-1284,986
14:54:15.478 2872,-1872,14924,39.31,-1087,786,-1214
14:54:15.711 2720,-3192,16932,39.45,-1928,809,-1251
14:54:15.946 1668,-2240,16332,39.35,-264,-854,69
14:54:16.205 3960,-3184,16780,39.31,-785,-1952,2387
14:54:16.449 4272,-2440,16196,39.40,773,492,-494
14:54:16.687 1260,-2688,17460,39.35,-605,-60,-330
14:54:16.964 -316,-1736,15812,39.26,-381,-372,78
14:54:17.167 4916,-3008,15660,39.35,117,-1414,501
14:54:17.437 2748,-2840,16428,39.35,-746,-129,-532
14:54:17.705 2280,-2584,16088,39.31,546,-702,-1103
14:54:17.912 480,-1924,15852,39.35,-690,-542,1405
14:54:18.152 4432,-2204,17080,39.26,856,-926,941
14:54:18.386 6164,-3512,15856,39.26,417,-175,-51
14:54:18.620 1104,-2876,16268,39.21,-1807,925,-2468
14:54:18.885 4264,-2664,16784,39.31,-27,-597,-773
14:54:19.115 3252,-2660,16496,39.35,-206,-540,-258
14:34:01.138 3048,-1944,16208,42.79,-194,-315,-310
14:34:01.341 2852,-1132,16404,42.84,-458,-493,-1
14:34:01.596 3452,-1168,16348,42.84,-937,-516,230
14:34:01.832 3364,-1772,16476,42.74,-709,-349,-80
14:34:02.065 2876,-2092,16116,42.79,-178,-355,-209
14:34:02.303 3208,-2164,15984,42.74,-2,-482,-139
14:34:02.563 3360,-2668,15788,42.65,166,-386,-388
14:34:02.797 2856,-2448,15820,42.74,267,-383,-446
14:34:03.052 2852,-1764,15876,42.79,-159,-500,-38
14:34:03.285 3520,-1464,16316,42.84,-637,-471,84
14:34:03.520 3400,-1432,16432,42.74,-794,-320,-86
14:34:03.757 2912,-1624,16496,42.79,-641,-483,-39
14:34:04.019 3188,-2120,15908,42.79,-416,-479,46
14:34:04.256 3428,-2608,15836,42.79,35,-304,-353
14:34:04.491 2920,-2504,15780,42.79,349,-309,-517
14:34:04.749 2788,-2204,15608,42.74,25,-549,-104
14:34:05.023 3576,-1556,16212,42.74,-578,-509,59
14:34:05.228 3372,-1384,16620,42.74,-778,-312,-129
14:34:05.498 2760,-1268,16420,42.84,-689,-452,71
14:34:05.707 3280,-1848,16088,42.93,-594,-547,116
14:34:05.940 3528,-2468,16172,42.84,-184,-310,-333
14:34:06.199 2808,-2508,15896,42.84,305,-309,-502
14:34:06.434 2784,-2688,15300,42.79,303,-547,-242
14:34:06.672 3368,-2636,15748,42.79,-13,-471,-238
14:34:06.917 3136,-1760,16228,42.84,-231,-314,-312
14:34:07.164 2880,-1328,16232,42.79,-445,-500,47
14:34:07.398 3520,-1044,16608,42.69,-973,-534,258
14:34:07.657 3432,-1804,16512,42.84,-637,-323,-154
14:34:07.892 2820,-1944,16216,42.79,-361,-350,-139
14:34:08.146 3156,-2164,15956,42.88,-272,-470,-3
14:34:08.381 3496,-2464,15740,42.84,187,-328,-424
14:34:08.613 3032,-2620,15612,42.84,287,-308,-475
14:34:08.916 2748,-2184,15576,42.79,88,-550,-120
14:34:09.118 3492,-1552,16208,42.84,-592,-516,34
14:34:09.387 3476,-1308,16856,42.93,-739,-259,-101
14:34:09.590 2784,-1272,16428,42.93,-690,-428,82
14:34:09.842 3176,-1956,16068,42.84,-572,-563,98
14:34:10.076 3508,-2484,15972,42.84,58,-255,-372
14:34:10.310 2800,-2624,15744,42.84,376,-308,-548
14:34:10.556 2788,-2276,15424,42.88,191,-638,-175
14:34:10.791 3436,-1932,16024,42.74,-382,-510,-47
14:34:11.055 3288,-1448,16540,42.88,-578,-298,-156
14:34:11.289 2808,-1148,16560,42.84,-738,-424,134
14:34:11.524 3400,-1288,16348,42.79,-974,-556,258
14:34:11.782 3472,-2300,16328,42.84,-409,-283,-280
14:34:12.014 2852,-2460,15868,42.88,38,-292,-315
14:34:12.274 2952,-2360,15436,42.84,173,-532,-159
14:34:12.512 3480,-2764,15724,42.88,105,-473,-343
14:34:12.746 3044,-2296,15856,42.84,99,-323,-466
14:34:13.024 2736,-1276,16004,42.79,-380,-491,38
14:34:13.230 3456,-1220,16608,42.88,-954,-508,259
14:34:13.499 3496,-1544,16584,42.93,-809,-326,-129
14:34:13.769 2800,-1960,16392,42.93,-455,-374,-104
14:34:13.953 3248,-2128,15860,42.88,-420,-553,28
14:34:14.211 3456,-2544,16012,42.88,118,-294,-410
14:34:14.444 2816,-2788,15676,42.88,396,-289,-519
14:34:14.680 2844,-2284,15600,42.93,52,-576,-122
14:34:14.938 3520,-1608,16324,42.93,-503,-453,18
14:34:15.172 3320,-1348,16700,43.02,-744,-288,-116
14:34:15.412 2920,-1100,16652,42.79,-678,-455,85
14:34:15.646 3240,-1796,16176,42.84,-715,-557,189
14:34:15.905 3488,-2484,16032,42.88,-257,-301,-295
14:34:16.138 2804,-2508,15848,42.93,231,-264,-431
14:34:16.396 3012,-2556,15680,42.88,192,-559,-191
14:34:16.631 3428,-2544,15740,42.84,16,-517,-255
14:34:16.870 3080,-1796,16176,43.02,-182,-334,-306
14:34:17.165 2984,-1084,16368,42.93,-501,-480,80
14:34:17.368 3452,-1312,16548,43.02,-1011,-539,256
14:34:17.638 3388,-1700,16476,42.93,-833,-320,-74
14:34:17.841 2888,-2120,16080,43.02,-338,-383,-151
14:34:18.094 3208,-2316,16000,42.93,-120,-521,-18
14:34:18.336 3448,-2624,15880,42.93,219,-309,-416
14:34:18.571 2896,-2644,15872,42.84,402,-308,-546
14:34:18.804 2756,-2108,15700,42.93,-18,-611,-79
14:34:19.063 3508,-1640,16264,42.93,-672,-501,66
14:34:19.297 3352,-1444,16656,42.93,-793,-294,-100
14:34:49.006 3108,-1976,16112,43.31,-268,-407,-153
14:34:49.266 3204,-2016,16120,43.31,-279,-438,-140
14:34:49.500 3148,-1912,16272,43.26,-297,-445,-116
14:34:49.758 3144,-1840,16128,43.26,-264,-395,-136
14:34:49.992 3092,-2088,16004,43.26,-276,-416,-147
14:34:50.264 3140,-1916,16080,43.31,-278,-428,-146
14:34:50.529 3204,-1908,16156,43.26,-259,-423,-178
14:34:50.709 3152,-1952,16112,43.26,-285,-432,-158
14:34:50.957 3056,-2028,16096,43.26,-278,-411,-142
14:34:51.215 3128,-1972,16116,43.35,-258,-422,-150
14:34:51.454 3116,-2032,16216,43.31,-276,-418,-156
14:34:51.689 3128,-2100,16164,43.31,-285,-435,-153
14:34:51.950 3200,-2068,16076,43.31,-297,-412,-151
14:34:52.188 3112,-1896,15964,43.31,-285,-434,-166
14:34:52.421 3204,-1836,16128,43.21,-272,-403,-159
14:34:52.678 3192,-1956,16024,43.31,-261,-412,-137
14:34:52.919 3172,-1852,16012,43.21,-309,-425,-170
14:34:53.163 3172,-2044,15996,43.31,-260,-418,-144
14:34:53.398 3224,-1972,15960,43.26,-269,-421,-121
14:34:53.657 3124,-1972,16024,43.35,-265,-415,-138
14:34:53.891 3132,-1980,16132,43.26,-277,-416,-136
14:34:54.166 3220,-1952,16112,43.26,-262,-424,-153
14:34:54.369 3104,-2064,15964,43.21,-261,-400,-158
14:34:54.639 3212,-1956,15976,43.21,-261,-423,-165
14:34:54.865 3128,-2040,15956,43.31,-265,-427,-137
14:34:55.124 3248,-2020,16140,43.31,-275,-397,-135
14:34:55.354 3124,-2004,16040,43.31,-271,-400,-171
14:34:55.589 3172,-1884,16184,43.31,-243,-419,-146
14:34:55.850 3132,-1920,16140,43.31,-279,-420,-140
14:34:56.081 3104,-1940,16140,43.21,-280,-426,-149
14:34:56.342 3076,-1956,16072,43.40,-269,-417,-147
14:34:56.575 3124,-1976,16236,43.40,-290,-420,-151
14:34:56.812 3184,-2068,16088,43.40,-267,-440,-128
14:34:57.068 3080,-1964,16172,43.26,-310,-440,-148
14:34:57.302 3124,-2036,16188,43.35,-274,-425,-147
14:34:57.564 3172,-1996,15964,43.26,-252,-428,-165
14:34:57.801 3168,-1944,16160,43.26,-269,-421,-153
14:34:58.057 3216,-2112,16100,43.31,-248,-384,-154
14:34:58.326 3128,-1944,15912,43.40,-290,-429,-157
14:34:58.529 3180,-1976,16072,43.35,-268,-422,-104
14:34:58.799 3180,-1908,15956,43.31,-266,-432,-148
14:34:59.004 3192,-2028,16140,43.31,-273,-409,-164
14:34:59.269 3072,-1972,16100,43.26,-303,-428,-153
14:34:59.503 3084,-1972,16044,43.31,-236,-415,-149
14:34:59.737 3260,-1968,16048,43.21,-278,-435,-138
14:34:59.995 3308,-1944,16012,43.35,-256,-419,-141
14:35:00.229 3272,-1932,16264,43.40,-287,-426,-143
14:35:00.474 3132,-1992,16028,43.31,-281,-422,-144
14:35:00.734 3208,-1856,16068,43.35,-273,-418,-127
14:35:00.968 3280,-2064,16076,43.31,-280,-399,-170
14:35:01.202 3168,-1960,16044,43.31,-281,-437,-133
14:35:01.461 3196,-2028,16156,43.35,-286,-419,-160
14:35:01.694 3120,-2008,15996,43.35,-269,-426,-144
14:35:01.953 3212,-2076,16104,43.35,-254,-421,-172
14:35:02.223 3208,-1932,16168,43.31,-253,-440,-169
14:35:02.426 3236,-2004,15968,43.40,-268,-426,-142
14:35:02.696 3192,-1964,16092,43.40,-281,-419,-138
14:35:02.959 3116,-1924,16160,43.45,-252,-424,-149
14:35:03.159 3156,-1932,16112,43.35,-270,-410,-161
14:35:03.393 3116,-2000,16132,43.40,-294,-431,-145
14:35:03.653 3104,-1972,15976,43.45,-293,-403,-148
14:35:03.887 3168,-2048,16052,43.40,-295,-436,-156
14:35:04.146 3180,-1916,16216,43.35,-252,-410,-154
14:35:04.389 3252,-1948,16172,43.49,-286,-417,-149
14:35:04.623 3152,-1940,16212,43.40,-292,-432,-148
14:35:04.857 3168,-1972,16224,43.40,-256,-403,-166
14:35:05.117 3108,-2012,16036,43.40,-279,-421,-122
14:35:05.351 3148,-1928,16084,43.45,-263,-417,-165
14:35:05.594 3192,-1924,16024,43.40,-284,-423,-149
14:35:05.853 3156,-1964,16060,43.45,-292,-411,-152
14:35:06.087 3104,-1924,16240,43.40,-255,-422,-161
14:35:06.373 3172,-2008,16120,43.45,-287,-425,-146
14:35:06.576 3136,-1972,16076,43.35,-302,-434,-134
14:35:06.846 3176,-1844,16020,43.40,-266,-441,-151
14:35:07.791 3196,-2004,16116,43.49,-291,-396,-153
14:35:08.051 3052,-1952,16188,43.45,-275,-441,-137
14:35:08.279 3180,-1972,15944,43.45,-267,-444,-154
14:35:08.538 3136,-2028,16096,43.45,-288,-396,-117
14:35:08.772 3184,-2000,16100,43.45,-286,-422,-152
14:35:09.006 3160,-1924,16092,43.31,-252,-430,-157
14:35:09.265 3124,-2000,16120,43.45,-270,-449,-145
14:35:09.514 3112,-1956,16016,43.59,-270,-435,-167
14:35:09.748 3272,-2000,16076,43.45,-270,-422,-157
14:35:09.982 3136,-1956,16044,43.59,-278,-405,-144
14:35:10.240 3180,-1984,16244,43.45,-276,-390,-172
14:35:10.544 3160,-1952,16108,43.49,-260,-452,-149
14:35:10.750 3280,-2016,16116,43.49,-272,-406,-171
14:35:10.953 3156,-2052,15956,43.40,-242,-441,-149
14:35:11.200 3148,-1896,16188,43.54,-285,-436,-160
14:35:11.458 3172,-1860,16140,43.45,-302,-403,-122
14:35:11.690 3100,-1940,16104,43.49,-279,-443,-137
14:35:11.948 3072,-1936,16108,43.54,-230,-418,-178
14:35:12.195 3036,-1940,16068,43.49,-339,-398,-135
14:35:12.429 3248,-2020,15988,43.54,-205,-406,-145
14:35:12.663 3184,-1944,16144,43.49,-311,-442,-132
14:35:12.922 3164,-2020,15944,43.45,-237,-407,-154
14:35:13.156 3228,-1924,16228,43.49,-300,-428,-134
14:35:13.400 3184,-1932,16112,43.59,-298,-424,-162
14:35:13.658 3240,-2032,16156,43.54,-286,-429,-139
14:35:13.893 3088,-2120,15948,43.49,-290,-441,-141
14:35:14.127 3148,-2068,16024,43.45,-281,-433,-138
14:35:14.428 3216,-1904,15976,43.59,-307,-407,-128
14:35:14.631 3180,-1900,16192,43.45,-272,-431,-147
14:35:14.901 3176,-2064,16028,43.59,-244,-423,-179
14:35:15.103 3108,-1816,16044,43.54,-268,-434,-135
14:35:15.371 3160,-1968,16112,43.68,-272,-425,-135
14:35:15.606 3260,-2056,15968,43.54,-279,-419,-142
14:35:15.835 3156,-2008,16124,43.59,-298,-417,-158
14:35:16.095 3220,-1952,16060,43.59,-272,-417,-152
14:35:16.327 3164,-1976,16024,43.54,-278,-396,-132
14:35:16.586 3132,-1920,16060,43.49,-299,-417,-152
14:35:16.822 3224,-1860,16040,43.49,-287,-418,-149
14:35:17.059 3208,-2000,15976,43.54,-294,-400,-164
14:35:17.318 3152,-1968,16132,43.59,-261,-423,-167
14:35:17.551 3228,-2004,15916,43.64,-272,-448,-143
14:35:17.809 3116,-1980,16012,43.64,-291,-398,-163
14:35:18.041 3304,-1952,16060,43.59,-273,-415,-163
14:35:18.290 3172,-1844,16004,43.54,-258,-416,-157
14:35:18.541 3108,-1888,16280,43.54,-271,-437,-147
14:35:18.809 3116,-1916,16220,43.59,-262,-438,-145
14:35:19.012 3148,-2032,16128,43.54,-270,-441,-139
14:35:19.283 3144,-2012,16164,43.54,-249,-412,-153
14:35:19.497 3244,-1924,16216,43.49,-272,-432,-176
14:35:19.752 3192,-2032,16204,43.49,-250,-412,-156
14:35:19.987 3200,-1916,16300,43.54,-292,-428,-155
14:35:20.246 3128,-1984,16012,43.59,-298,-424,-132
14:35:20.479 3244,-1964,16116,43.54,-265,-421,-149
14:35:20.738 3156,-1940,16120,43.49,-264,-463,-128
14:35:20.982 3172,-1928,16216,43.64,-263,-412,-147
14:35:21.221 3164,-1952,16292,43.59,-308,-416,-172
14:35:21.455 3156,-1968,16140,43.54,-273,-424,-168
14:35:21.714 3200,-2024,15944,43.59,-269,-411,-121
14:35:21.948 3284,-1916,16224,43.54,-250,-418,-130
14:35:22.181 3208,-1996,15964,43.68,-271,-416,-147
14:35:22.439 3084,-1952,16060,43.64,-281,-427,-148
14:35:22.686 3180,-2004,16004,43.59,-270,-410,-135
14:35:22.957 3048,-2020,16084,43.64,-258,-440,-167
14:35:23.159 3136,-2012,16036,43.73,-255,-453,-153
14:35:23.429 3180,-1980,16148,43.68,-269,-428,-157
14:35:23.643 3180,-1948,16204,43.49,-276,-456,-158
14:35:23.902 3128,-2040,16160,43.45,-278,-438,-137
14:35:24.142 3196,-2040,16132,43.59,-288,-395,-161
14:35:24.376 3164,-1984,16124,43.64,-297,-413,-143
14:35:24.634 3184,-1940,16140,43.59,-258,-404,-156
14:35:24.871 3164,-1952,16192,43.64,-263,-437,-152
14:35:25.107 3088,-1860,16076,43.59,-247,-448,-151
14:35:25.366 3184,-1944,16188,43.59,-257,-433,-144
14:35:25.605 3160,-2052,16052,43.54,-263,-433,-125
14:35:25.839 3204,-1980,16272,43.68,-241,-421,-142
14:36:14.118 2976,-1144,16352,44.15,-313,-377,35
14:36:14.354 3380,-1048,16344,44.01,-776,-489,197
14:36:14.612 3404,-1648,16420,44.15,-547,-395,-181
14:36:14.841 3216,-1648,16808,44.01,-445,-404,-56
14:36:15.077 3208,-1196,16428,44.06,-530,-478,54
14:36:15.341 3396,-2272,16044,44.06,-361,-447,-258
14:36:15.568 3036,-3164,15404,44.15,-91,-412,-465
14:36:15.801 3220,-492,16560,44.11,-3,-365,42
14:36:16.077 3152,-2616,15728,44.06,27,-467,-148
14:36:16.347 3564,-1464,16400,44.15,-804,-453,-82
14:36:16.551 2960,-3412,15504,44.15,157,-357,-537
14:36:16.776 2876,-1704,16048,44.15,337,-437,-254
14:36:17.034 3364,-240,16796,44.20,-564,-475,224
14:36:17.279 3580,-1536,16596,44.15,-1096,-462,156
14:36:17.512 3220,-2924,16172,44.25,-673,-312,-301
14:36:17.748 2572,-3180,15572,44.01,-176,-696,-389
14:36:18.008 3504,-2256,16244,44.11,-294,-729,59
14:36:18.247 3716,-1468,16472,44.11,-277,-147,-150
14:36:18.481 2788,-1780,16256,44.06,-427,-207,-52
14:36:18.733 3036,-2552,15880,44.20,-222,-525,159
14:36:18.967 3856,-2348,16012,44.06,-152,-434,-211
14:36:19.226 3352,-1980,16252,44.11,-403,-126,-343
14:36:19.461 2740,-1308,16688,44.11,-738,-429,146
14:36:19.699 3472,-1684,16136,44.15,-933,-584,316
14:36:19.956 3644,-2192,16292,44.06,-666,-298,-261
14:36:20.226 2588,-2260,16156,44.15,-487,-239,-251
14:36:20.427 2992,-2440,15776,44.06,-406,-591,74
14:36:20.699 3868,-3152,15592,44.11,-39,-440,-306
14:36:20.920 2964,-3088,15472,44.06,324,-370,-681
14:36:21.168 2832,-2724,15488,44.15,347,-548,-288
14:36:21.403 3456,-2684,15572,44.15,17,-567,-176
14:36:21.636 3356,-2028,16280,44.11,-35,-366,-367
14:36:21.895 2912,-1448,16236,44.15,54,-365,-141
14:36:22.117 3308,-836,16628,44.20,-575,-488,234
14:36:22.399 3632,-1100,16868,44.15,-802,-361,68
14:36:22.615 3304,-1588,16448,44.06,-686,-403,-88
14:36:22.849 3188,-1932,16364,44.15,-644,-442,-93
14:36:23.107 3428,-2712,15856,44.29,-344,-478,-230
14:36:23.342 3228,-3056,15772,44.20,65,-405,-401
14:36:23.576 3016,-2748,15400,44.15,300,-485,-337
14:36:23.829 3320,-2704,15744,44.20,234,-478,-277
14:36:24.060 3264,-2404,15716,44.15,340,-352,-408
14:36:24.332 3080,-1924,15924,44.15,-2,-430,-140
14:36:24.602 3380,-1184,16396,44.11,-632,-454,130
14:36:24.803 3476,-1084,17052,44.20,-828,-451,112
14:36:25.034 3432,-1120,16828,44.06,-779,-373,35
14:36:25.292 3304,-1752,16212,44.11,-798,-481,43
14:36:25.531 3524,-2684,15844,44.20,-295,-401,-303
14:36:25.765 2980,-2824,15724,44.29,133,-370,-449
14:36:25.998 2896,-3084,15100,44.06,201,-575,-244
14:36:26.263 3688,-2212,16176,44.20,104,-432,-232
14:36:26.496 3368,-1648,16452,44.15,-132,-157,-307
14:36:26.732 2744,-1312,16212,44.06,-501,-462,210
14:36:26.971 3492,-2352,16004,44.11,-673,-647,253
14:36:27.230 3864,-2632,16208,44.15,-104,-381,-561
14:36:27.463 2732,-2472,15876,44.25,104,-436,-536
14:36:27.719 3132,-2300,15832,44.11,-324,-635,-3
14:36:27.953 3796,-1728,16472,44.20,-579,-447,67
14:36:28.222 3440,-2380,15896,44.25,-288,-326,-240
14:36:28.491 3284,-2820,15956,44.15,231,-574,-268
14:36:28.694 3752,-2188,16276,44.11,-138,-389,-206
14:36:28.964 3428,-2744,15880,44.20,-350,-301,-162
14:36:29.163 3356,-2760,16096,44.20,57,-527,-303
14:36:29.421 3672,-3452,15560,44.15,-511,-449,-257
14:36:29.656 3672,-2532,16384,44.11,-701,-272,43
14:36:29.894 3524,-2508,15832,44.15,49,-224,-308
14:36:30.153 3328,-2724,15696,44.15,-156,-279,-488
14:36:30.388 2948,-3856,15860,44.11,-453,-637,-231
14:36:30.622 3364,-3380,15724,44.20,-237,-544,-170
14:36:30.880 3300,-3128,15368,44.20,-9,-190,-417
14:36:31.114 3352,-3212,16072,44.15,-256,-308,-233
14:36:31.359 3160,-3664,16080,44.20,-369,-809,-175
14:36:31.593 3928,-3488,15240,44.20,-257,-363,-399
14:36:31.851 2540,-3244,15100,44.20,-479,24,-844
14:36:32.083 1420,-3668,15300,44.25,-833,-808,-166
14:36:54.890 -104,-1632,16748,44.29,-1492,-1301,1251
14:36:55.150 6680,-5708,14736,44.25,-747,-1644,1125
14:36:55.384 4064,-5328,14164,44.25,-622,839,-1752
14:36:55.641 2408,-6216,14048,44.29,-2118,75,-366
14:36:55.880 652,-7576,15364,44.15,-1297,505,285
14:36:56.119 3368,-7732,14952,44.39,-778,-380,232
14:36:56.353 3216,-5428,15752,44.29,-953,-389,-631
14:36:56.587 1232,572,17216,44.25,794,-1167,418
14:36:56.881 4072,2172,17536,44.29,-356,-811,543
14:36:57.083 2548,-6124,14184,44.29,-1366,-660,1097
14:36:57.354 5340,-252,17940,44.25,-1384,97,-573
14:36:57.624 1776,-40,18260,44.34,1311,313,-1348
14:36:57.804 -1272,-4228,14224,44.29,-491,-761,626
14:36:58.066 4444,-616,16732,44.34,-355,-2125,1841
14:36:58.314 6956,-3376,16160,44.25,-1134,144,-651
14:36:58.548 1520,-4176,15736,44.25,-130,1269,-2026
14:36:58.782 -1984,128,16216,44.39,-538,-1316,1312
14:36:59.049 3396,-1692,16864,44.25,-1400,-1241,1552
14:36:59.283 4664,-3520,16492,44.44,414,-73,-514
14:36:59.518 484,-2844,15760,44.34,549,279,-1442
14:36:59.753 264,-2172,15208,44.25,-328,-1226,981
14:37:00.011 4588,-3584,15868,44.29,-807,-864,860
14:37:00.246 3540,-1172,16544,44.39,270,646,-1673
14:37:00.486 -744,-2056,15700,44.29,-900,-585,-261
14:37:00.746 3072,-2196,16304,44.34,-157,-1801,1485
14:37:00.985 4888,-2520,16560,44.29,242,-72,-808
14:37:01.254 1912,-2420,16108,44.44,-145,-856,-122
14:37:01.457 4308,-1536,17128,44.34,251,-175,-541
14:37:01.720 636,-1580,16612,44.34,-26,113,-807
14:37:01.963 1604,-2376,15812,44.34,-967,-587,293
14:37:02.203 4772,-4680,15908,44.34,-1073,-597,175
14:37:02.441 3376,-3292,16624,44.25,162,424,-1357
14:37:02.694 -1264,-2700,16284,44.34,-245,-166,-123
14:37:02.927 1920,-2916,16816,44.29,34,-2003,1343
14:37:03.161 4748,-3180,15556,44.39,125,-1354,521
14:37:03.410 1360,-4392,13916,44.29,197,676,-2201
14:37:03.642 416,-3504,16020,44.44,-609,-950,347
14:37:03.902 6272,-3776,16612,44.29,644,-488,876
14:37:04.136 6752,-3944,15916,44.34,262,1064,-2265
14:37:04.397 -1616,-1616,15200,44.34,-416,903,-2586
14:37:04.640 -1720,-2424,15712,44.34,-1047,-3028,3120
14:37:04.868 9116,-3020,16684,44.39,138,-1436,913
14:37:05.155 6208,-2660,16628,44.25,1604,1547,-3400
14:37:05.357 712,-1644,15616,44.25,135,678,-982
14:37:05.627 400,-2728,15300,44.34,72,-387,-482
14:37:05.842 1240,-1900,17412,44.25,2,-1167,275
14:37:06.096 3768,-2716,16392,44.34,126,-1162,447
14:37:06.335 4912,-1932,16860,44.44,-195,700,-1042
14:37:06.570 -1596,-1360,16100,44.34,237,662,-1134
14:37:06.828 1988,1528,18296,44.44,-1287,-2168,1856
14:37:07.066 5516,-60,17252,44.29,-1,-768,201
14:37:07.300 4912,-1164,15732,44.34,772,632,-2216
14:37:07.535 -1492,160,16212,44.44,-361,224,-1814
14:37:07.799 1560,-448,15928,44.39,-610,-1764,2211
14:37:08.033 6536,-136,17192,44.39,-957,-642,469
14:37:08.267 3952,980,17728,44.34,-140,739,-1561
14:37:08.504 16,356,16516,44.39,-998,-323,-166
14:37:08.763 2296,-4752,15688,44.34,-997,-1718,1314
14:37:08.996 5748,-1608,16848,44.29,603,-502,-30
14:37:09.238 4208,-2168,16908,44.44,-619,247,-1032
14:37:09.509 452,-5392,14604,44.29,-173,-744,-28
14:37:09.778 2252,-5020,13760,44.39,-317,-988,207
14:37:09.969 1904,-6128,14696,44.34,-664,-1082,588
14:37:10.203 3640,-5404,15228,44.25,833,-257,-604
14:37:10.463 3900,-3780,15276,44.34,796,913,-1407
14:37:10.702 892,-2744,15944,44.34,330,-253,-489
14:37:10.936 3584,-412,17100,44.39,101,-1457,1072
14:37:11.190 5992,-204,17148,44.34,613,-252,-639
14:37:11.423 2124,392,16732,44.29,-103,352,-1541
14:37:11.657 -184,-168,16960,44.44,-985,-760,445
14:37:11.917 2892,1528,17664,44.39,-2008,-1792,2050
14:37:12.156 6748,720,17996,44.39,1044,295,-1736
14:37:12.394 1280,-32,16660,44.34,1183,300,-913
14:37:12.628 2600,-4000,14704,44.39,189,-1119,282
14:37:12.887 4812,-4288,14832,44.39,-1766,-457,177
14:37:13.122 5564,-2256,16736,44.29,-1165,-101,-328
14:37:32.317 4784,-2684,15220,44.53,-230,-211,-353
14:37:32.551 3620,-2680,15532,44.48,-607,-21,-610
14:37:32.800 1704,-2440,16972,44.58,-716,-677,-255
14:37:33.034 3780,-2200,16576,44.62,-581,-570,170
14:37:33.292 3040,-3444,15544,44.53,-163,-636,-280
14:37:33.526 3136,-3960,15384,44.58,319,-14,-1031
14:37:33.813 1824,-1780,16148,44.53,-322,-424,6
14:37:34.014 2200,-1332,16024,44.53,-315,-778,822
14:37:34.283 5264,-1432,16480,44.48,-512,-1014,335
14:37:34.486 5024,-1536,17148,44.53,-7,463,-982
14:37:34.739 316,-2760,15948,44.53,-247,752,-1263
14:37:34.975 620,-2932,15692,44.53,-470,-1238,1293
14:37:35.214 3512,-3204,15792,44.58,-582,-938,952
14:37:35.459 3564,-2640,15984,44.58,27,-323,-488
14:37:35.719 2008,-1724,16616,44.53,-708,-145,-184
14:37:35.952 2024,-2436,16824,44.58,-616,-1063,536
14:37:36.186 3952,-2164,16228,44.48,-45,-121,67
14:37:36.445 4224,-2312,15844,44.53,-615,-84,-834
14:37:36.691 1556,-2740,15616,44.62,-675,155,-310
14:37:36.930 2772,-3372,16620,44.58,-642,-1216,913
14:37:37.162 3872,-1940,16228,44.53,459,-634,81
14:37:37.411 3316,-2804,16100,44.53,-80,-515,-364
14:37:37.645 3088,-1944,16216,44.53,-243,162,-458
14:37:37.906 3212,-584,15976,44.58,-687,-932,119
14:37:38.176 4296,-1312,17088,44.58,-1482,-652,398
14:37:38.378 4304,-3192,16608,44.62,28,-404,-717
14:37:38.612 2196,-3076,16396,44.67,546,-290,-229
14:37:38.872 3136,-1748,16420,44.58,-179,-347,64
14:37:39.105 3676,-2252,15948,44.48,-145,-591,-283
14:37:39.349 2320,-2328,17032,44.53,57,-83,-592
14:37:39.582 1472,-2472,16712,44.53,136,-504,203
14:37:39.821 3712,88,16460,44.53,747,-702,304
14:37:40.082 4764,-2248,15408,44.53,-314,-651,-659
14:37:40.315 2660,-3712,14440,44.58,-1186,427,-1592
14:37:40.555 1016,-3704,15656,44.53,-1203,-351,-144
14:37:40.814 2844,-1988,17920,44.62,-119,-956,1035
14:37:41.048 5248,-456,17476,44.58,649,-253,-519
14:37:41.288 1972,-988,15952,44.58,563,-252,-624
14:37:41.521 3596,-1972,16156,44.67,-492,-841,192
14:37:41.783 4900,-1808,16152,44.58,-833,-379,285
14:37:42.060 5072,-4500,15340,44.62,-1334,195,-911
14:37:42.263 1572,-1212,17656,44.58,-997,35,-659
14:37:42.534 3424,-380,17880,44.58,357,-1005,681
14:37:42.752 4700,-1656,17104,44.58,366,-822,182
14:37:42.988 4172,-3660,14948,44.72,745,-75,-779
14:37:43.239 2532,-1432,15472,44.62,375,-328,-589
14:37:43.474 2592,-156,16084,44.58,-1214,-177,-317
14:37:43.708 2900,-1460,16628,44.62,-948,-627,312
14:37:43.966 4936,-3040,16276,44.62,345,-551,720
14:37:44.204 4320,-3644,14120,44.62,-719,223,-1107
14:37:44.443 1764,-1696,16180,44.67,-236,-511,-274
14:37:44.679 4724,-1448,16500,44.62,-647,-1091,724
14:37:44.938 3988,-2376,15872,44.58,-346,130,-1097
14:37:45.171 1640,-3524,15200,44.53,-322,-480,268
14:37:45.416 3820,-2796,14876,44.58,-663,-268,145
14:37:45.650 3012,-3680,16040,44.62,-753,-8,-299
14:37:45.952 3108,-3480,16416,44.62,-492,-640,-31
14:37:46.153 3996,-2556,16368,44.62,-207,-657,-185
14:37:46.424 2920,-1012,17548,44.72,4,-252,-718
14:37:46.625 2204,-2212,15840,44.58,16,-378,-13
14:37:46.880 2672,-3224,14740,44.62,-1001,128,-234
14:37:47.120 956,-1812,17012,44.67,-925,-855,394
14:37:47.352 4152,-2360,16420,44.62,-240,-1177,816
14:37:47.613 4312,-4096,14688,44.62,301,-240,-467
14:37:47.847 4396,-1624,15852,44.67,128,-77,-464
14:37:48.080 4228,-28,16256,44.62,-405,-316,-323
14:37:48.335 2396,-2536,15724,44.62,-998,-565,45
14:37:48.574 2980,-1372,17328,44.58,-816,-548,199
14:37:48.809 3264,-4448,15212,44.67,-423,-392,-516
14:37:49.068 2740,-3180,15428,44.62,-536,288,-333
14:37:49.293 3112,-1680,15976,44.72,180,-283,-180
14:37:49.539 2684,-2548,16044,44.62,-283,-311,-20
14:37:49.772 2956,-2240,15520,44.62,-743,-808,396
14:37:50.053 4804,-1912,15908,44.62,-478,-471,385
14:37:50.324 4812,-1940,16568,44.58,-622,-426,-549
14:38:19.675 4268,-1288,18192,44.77,-518,459,-551
14:38:19.908 3688,-3160,16116,44.86,565,-619,315
14:38:20.157 3280,-1084,15636,44.67,947,-321,-804
14:38:20.391 1432,-1996,14896,44.72,-253,-170,-1075
14:38:20.653 -660,-920,17384,44.81,-2380,-749,405
14:38:20.888 1724,-1628,18392,44.72,-1076,-1655,1510
14:38:21.122 7368,-2016,16624,44.67,621,-1360,160
14:38:21.380 4684,-2536,15360,44.72,1187,727,-2244
14:38:21.614 36,-4260,14940,44.67,455,-288,-476
14:38:21.847 960,-3264,15408,44.72,97,-685,459
14:38:22.109 5644,-1848,17048,44.72,-812,-770,84
14:38:22.343 3144,-1616,16912,44.67,-930,171,-1089
14:38:22.576 1728,-2668,16432,44.62,173,-307,617
14:38:22.881 4756,-1600,16100,44.62,-367,-545,97
14:38:23.083 5024,-516,16064,44.62,-291,-665,-209
14:38:23.354 3436,-912,16420,44.62,-1224,-721,-275
14:38:23.555 2424,-3928,15832,44.77,-719,790,-1425
14:38:23.800 1776,-4540,15316,44.72,383,-90,-421
14:38:24.050 3492,-884,17440,44.62,430,-287,-139
14:38:24.292 3320,-1744,15976,44.72,949,-1055,-415
14:38:24.525 3144,260,16532,44.67,156,48,-1338
14:38:24.760 480,-320,16536,44.72,-858,362,-1301
14:38:24.999 564,-2284,15796,44.77,-1475,-882,772
14:38:25.281 3196,-2712,16544,44.72,-1222,-689,871
14:38:25.490 3676,-3700,16000,44.58,1055,-724,-45
14:38:25.748 3124,-2232,15576,44.72,319,-312,-747
14:38:25.982 3352,-892,16420,44.81,-1060,24,-635
14:38:26.216 1688,-1856,16720,44.86,-743,-898,-423
14:38:26.457 4636,-3348,16612,44.72,-501,-1046,1070
14:38:26.711 4104,-1376,15540,44.72,154,686,-2568
14:38:26.979 -1788,-3512,14788,44.67,-53,-656,-190
14:38:27.249 6500,-2196,16940,44.72,-1458,-1971,2344
14:38:27.452 6476,-2192,16512,44.77,784,987,-1987
14:38:27.712 256,-884,16200,44.77,6,-432,-1107
14:38:27.940 3700,-2104,15888,44.81,-947,-1405,1863
14:38:28.174 5268,-4580,15772,44.81,-168,351,-1558
14:38:28.408 268,-1180,16432,44.77,-439,92,-962
14:38:28.667 2768,-3052,15760,44.72,-344,-828,681
14:38:28.899 5444,-2496,16448,44.67,-526,-352,-587
14:38:29.146 2596,-2296,16256,44.91,-176,863,-1669
14:38:29.387 -1468,-3196,14008,44.81,316,-923,-433
14:38:29.646 2644,-320,17084,44.86,-1553,-2253,3061
14:38:29.878 8096,-2668,16812,44.77,-1160,-616,283
14:38:30.112 4516,-2140,17168,44.77,-327,852,-1707
14:38:30.371 4916,-3200,16540,44.81,935,382,-1811
14:38:30.594 280,-2436,15252,44.77,90,164,-1028
14:38:30.856 1712,-1880,14976,44.77,428,-1405,931
14:38:31.075 6372,-1772,15624,44.77,-812,-855,21
14:38:31.345 3572,-2800,15312,44.67,-994,388,-931
14:38:31.618 3860,-5516,14632,44.77,793,641,-1659
14:38:31.821 -1740,-1952,15908,44.81,-875,-665,64
14:38:32.065 3380,-4172,15456,44.81,-494,-1195,1614
14:38:32.301 3740,-3948,13896,44.72,739,160,-1596
14:38:32.535 1888,-2468,15724,44.86,-874,-132,-319
14:38:32.786 4652,-4680,16048,44.81,-683,-869,-374
14:38:33.035 2772,-4224,15960,44.77,285,-202,-910
14:38:33.269 3944,-2008,15612,44.81,312,-886,390